924,000000000000
504,000000000011
280,000000001100
420,000000001111
240,000000110000
170,000000101011
240,000000111100
400,000000111111
240,000011000000
144,000011000011
115,000010101010
156,000010101111
216,000011110000
144,000011110011
240,000011111100
420,000011111111
280,001100000000
160,001100000011
96,001100001100
144,001100001111
115,010101010000
85,001010101011
100,001010111100
170,001010111111
240,001111000000
144,001111000011
100,001111010100
144,001111001111
240,001111110000
160,001111110011
280,001111111100
504,001111111111
