924,000000000000
504,000000000011
280,000000001100
420,000000001111
240,000000110000
170,000000101011
240,000000111100
400,000000111111
240,000011000000
144,000011000011
115,000010101010
156,000010101111
216,000011110000
144,000011110011
240,000011111100
420,000011111111
280,001100000000
160,001100000011
96,001100001100
144,001100001111
115,010101010000
85,001010101011
100,001010111100
170,001010111111
240,001111000000
144,001111000011
100,001111010100
144,001111001111
240,001111110000
160,001111110011
280,001111111100
504,001111111111
252,010000000000
140,010000000011
80,010000001100
120,010000001111
72,010000110000
56,011000010101
72,010000111100
120,010000111111
95,010101000000
56,010101000011
49,010101010100
64,010101010111
72,010011110000
48,010011110011
80,010011111100
140,010011111111
210,011100000000
120,011100000011
72,011100001100
108,011100001111
84,011101010000
64,011101010101
72,011100111100
120,011100111111
200,011111000000
120,011111000011
95,011111101010
120,011111001111
210,011111110000
140,011111110011
252,011111111100
462,011111111111
