43758,000000000000000000
24310,000000000000000001
12870,000000000000000010
19305,000000000000000111
10296,000000000000001000
8580,000000000000010101
10296,000000000000001110
17160,000000000000011111
9240,000000000000100000
5544,000000000000100001
5412,000000000000101010
6930,000000000001010111
8316,000000000000111000
5544,000000000000111001
9240,000000000000111110
16170,000000000001111111
8820,000000000010000000
5040,000000000010000001
3186,000000000100010010
4536,000000000010000111
4410,000000000010101000
3612,000000000101010101
3780,000000000101011100
6300,000000000101011111
7560,000000000011100000
4536,000000000011100001
3780,000000000011101010
4536,000000000011100111
7560,000000000011111000
5040,000000000011111001
8820,000000000011111110
15876,000000000111111111
8820,000000001000000000
4900,000000001000000001
2800,000000001000000100
4200,000000001000000111
2730,000000010001001000
2100,000000001100010101
2520,000000001000011100
4200,000000001000011111
4060,000000001010100000
2436,000000001010100011
2436,000000001010101010
3038,000000010101010111
3150,000000010101110000
2100,000000010101110011
3500,000000010101111100
6125,000000010101111111
7350,000000001110000000
4200,000000001110000001
2520,000000001110000100
3780,000000001110000111
3150,000000001110101000
2380,000000001111010101
2520,000000001110011100
4200,000000001110011111
7000,000000001111100000
4200,000000001111100001
3500,000000001111101010
4200,000000001111100111
7350,000000001111111000
4900,000000001111111001
8820,000000001111111110
16170,000000011111111111
9240,000000100000000000
5040,000000100000000001
2800,000000100000000100
4200,000000100000000111
2400,000000100000010000
2000,000000110000010101
2400,000000100000011100
4000,000000100000011111
2610,000001000100100000
1566,000001000100100011
1422,000001000100101010
1800,000000110001010111
2160,000000100001110000
1440,000000100001110011
2400,000000100001111100
4200,000000100001111111
4060,000001010100000000
2300,000000101010000011
1380,000000101010001100
2070,000000101010001111
2078,000000101010101000
1701,000001010101010101
1740,000001010101011100
2900,000001010101011111
3000,000001010111000000
1800,000001010111000011
1385,000000101011101010
1800,000001010111001111
3000,000001010111110000
2000,000001010111110011
3500,000001010111111100
6300,000001010111111111
7560,000000111000000000
4200,000000111000000001
2400,000000111000000100
3600,000000111000000111
2160,000000111000010000
1800,000000111100010101
2160,000000111000011100
3600,000000111000011111
3000,000000111010100000
1800,000000111010100011
1715,000000111010101010
2040,000000111010101111
2160,000000111001110000
1485,000000111011011101
2400,000000111001111100
4200,000000111001111111
7000,000000111110000000
4000,000000111110000001
2400,000000111110000100
3600,000000111110000111
3000,000000111110101000
2300,000000111111010101
2400,000000111110011100
4000,000000111110011111
7000,000000111111100000
4200,000000111111100001
3500,000000111111101010
4200,000000111111100111
7560,000000111111111000
5040,000000111111111001
9240,000000111111111110
17160,000001111111111111
10296,000010000000000000
5544,000010000000000001
3024,000010000000000100
4536,000010000000000111
2520,000010000000010000
2100,000011000000010101
2520,000010000000011100
4200,000010000000011111
2400,000010000001000000
1440,000010000001000011
1380,000011000000101010
1800,000011000001010111
2160,000010000001110000
1440,000010000001110011
2400,000010000001111100
4200,000010000001111111
2730,000100100010000000
1539,000100100010000011
945,000010001000100010
1386,000100010010001111
1260,000100010010101000
1041,000011000101010101
1080,000011000101011100
1800,000011000101011111
2160,000010000111000000
1296,000010000111000011
1080,000011000011101010
1296,000010000111001111
2160,000010000111110000
1440,000010000111110011
2520,000010000111111100
4536,000010000111111111
4410,000101010000000000
2436,000101010000000011
1380,000101010000001100
2070,000101010000001111
1260,000101010010001000
972,000101010100010101
1224,000010101000111100
2040,000010101000111111
2078,000101010101000000
1224,000010101010100011
1221,000010101010101010
1545,000101010101010111
1560,000101010101110000
1047,000101010101110011
1730,000101010101111100
3038,000101010101111111
3150,000101011100000000
1800,000101011100000011
1080,000101011100001100
1620,000101011100001111
1224,000010101110101000
962,000101011011010101
1080,000101011100111100
1800,000101011100111111
3000,000101011111000000
1800,000101011111000011
1370,000010101111101010
1800,000101011111001111
3150,000101011111110000
2100,000101011111110011
3780,000101011111111100
6930,000101011111111111
8316,000011100000000000
4536,000011100000000001
2520,000011100000000100
3780,000011100000000111
2160,000011100000010000
1800,000011110000010101
2160,000011100000011100
3600,000011100000011111
2160,000011100001000000
1296,000011100001000011
1224,000011110000101010
1620,000011110001010111
1944,000011100001110000
1296,000011100001110011
2160,000011100001111100
3780,000011100001111111
3150,000011101010000000
1800,000011101010000011
1080,000011101010001100
1620,000011101010001111
1560,000011101010101000
1210,000011110101010101
1224,000011101010111100
2070,000011101010111111
2160,000011100111000000
1296,000011100111000011
1080,000011110011101010
1386,000011101101110111
2160,000011100111110000
1440,000011100111110011
2520,000011100111111100
4536,000011100111111111
7560,000011111000000000
4200,000011111000000001
2400,000011111000000100
3600,000011111000000111
2160,000011111000010000
1800,000011111100010101
2160,000011111000011100
3600,000011111000011111
3000,000011111010100000
1800,000011111010100011
1710,000011111010101010
2070,000011111101010111
2160,000011111001110000
1480,000011111011101101
2400,000011111001111100
4200,000011111001111111
7350,000011111110000000
4200,000011111110000001
2520,000011111110000100
3780,000011111110000111
3150,000011111110101000
2436,000011111111010101
2520,000011111110011100
4200,000011111110011111
7560,000011111111100000
4536,000011111111100001
3780,000011111111101010
4536,000011111111100111
8316,000011111111111000
5544,000011111111111001
10296,000011111111111110
19305,000111111111111111
12870,001000000000000000
6864,001000000000000001
3696,001000000000000100
5544,001000000000000111
3024,001000000000010000
2520,001100000000010101
3024,001000000000011100
5040,001000000000011111
2800,001000000001000000
1680,001000000001000011
1624,001100000000101010
2100,001100000001010111
2520,001000000001110000
1680,001000000001110011
2800,001000000001111100
4900,001000000001111111
2800,001000000100000000
1600,001000000100000011
991,001100000100010010
1440,001000000100001111
1380,001100000010101000
1140,001100000101010101
1200,001100000101011100
2000,001100000101011111
2400,001000000111000000
1440,001000000111000011
1200,001100000011101010
1440,001000000111001111
2400,001000000111110000
1600,001000000111110011
2800,001000000111111100
5040,001000000111111111
3186,010010001000000000
1750,010010001000000011
991,010010001000001100
1480,010010001000001111
945,001000100010001000
720,001100001100010101
888,010001001000111100
1485,010001001000111111
1380,001100010101000000
816,001000101010100011
810,001100001010101010
1047,001100010101010111
1080,001100010101110000
720,001100010101110011
1200,001100010101111100
2100,001100010101111111
2520,001000011100000000
1440,001000011100000011
864,001000011100001100
1296,001000011100001111
1080,001100001110101000
816,001100001111010101
864,001000011100111100
1440,001000011100111111
2400,001000011111000000
1440,001000011111000011
1200,001100001111101010
1440,001000011111001111
2520,001000011111110000
1680,001000011111110011
3024,001000011111111100
5544,001000011111111111
5412,010101000000000000
2940,010101000000000011
1624,010101000000001100
2436,010101000000001111
1380,010101000000110000
1041,010101010000010101
1380,010101000000111100
2300,010101000000111111
1422,010101001000100000
849,010101001000100011
743,010101000100101010
962,010101001001010111
1224,010101000011110000
816,010101000011110011
1360,010101000011111100
2380,010101000011111111
2436,010101010100000000
1372,010101010100000011
810,010101010100001100
1210,010101010100001111
1221,010101010101010000
1001,010101010101010101
1021,010101010101011100
1701,010101010101011111
1715,010101010111000000
1028,010101010111000011
762,010101011011101010
1041,010101010111001111
1710,010101010111110000
1140,010101010111110011
2002,010101010111111100
3612,010101010111111111
3780,010101110000000000
2100,010101110000000011
1200,010101110000001100
1800,010101110000001111
1080,010101110000110000
784,010101111000010101
1080,010101110000111100
1800,010101110000111111
1385,010101110101000000
816,010101110101000011
762,010101110110101010
972,010101110101010111
1080,010101110011110000
720,010101110011110011
1200,010101110011111100
2100,010101110011111111
3500,010101111100000000
2000,010101111100000011
1200,010101111100001100
1800,010101111100001111
1370,010101111101010000
1041,010101111101010101
1200,010101111100111100
2000,010101111100111111
3500,010101111111000000
2100,010101111111000011
1596,010101111111101010
2100,010101111111001111
3780,010101111111110000
2520,010101111111110011
4620,010101111111111100
8580,010101111111111111
10296,001110000000000000
5544,001110000000000001
3024,001110000000000100
4536,001110000000000111
2520,001110000000010000
2100,001111000000010101
2520,001110000000011100
4200,001110000000011111
2400,001110000001000000
1440,001110000001000011
1380,001111000000101010
1800,001111000001010111
2160,001110000001110000
1440,001110000001110011
2400,001110000001111100
4200,001110000001111111
2520,001110000100000000
1440,001110000100000011
888,001111000100010010
1296,001110000100001111
1224,001111000010101000
1028,001111000101010101
1080,001111000101011100
1800,001111000101011111
2160,001110000111000000
1296,001110000111000011
1080,001111000011101010
1296,001110000111001111
2160,001110000111110000
1440,001110000111110011
2520,001110000111111100
4536,001110000111111111
3780,001110101000000000
2100,001110101000000011
1200,001110101000001100
1800,001110101000001111
1080,001110101000110000
816,001111010100010101
1080,001110101000111100
1800,001110101000111111
1740,001110101010100000
1044,001110101010100011
1021,001110101010101010
1224,001110101010101111
1224,001110101011110000
816,001110101010111011
1380,001110101011111100
2436,001110101011111111
2520,001110011100000000
1440,001110011100000011
864,001110011100001100
1296,001110011100001111
1080,001111001110101000
849,001110111011010101
936,001110110111011100
1566,001110110111011111
2400,001110011111000000
1440,001110011111000011
1200,001111001111101010
1440,001110011111001111
2520,001110011111110000
1680,001110011111110011
3024,001110011111111100
5544,001110011111111111
9240,001111100000000000
5040,001111100000000001
2800,001111100000000100
4200,001111100000000111
2400,001111100000010000
2000,001111110000010101
2400,001111100000011100
4000,001111100000011111
2400,001111100001000000
1440,001111100001000011
1360,001111110000101010
1800,001111110001010111
2160,001111100001110000
1440,001111100001110011
2400,001111100001111100
4200,001111100001111111
3500,001111101010000000
2000,001111101010000011
1200,001111101010001100
1800,001111101010001111
1730,001111101010101000
1372,001111110101010101
1380,001111110101011100
2300,001111101010111111
2400,001111100111000000
1440,001111100111000011
1200,001111110011101010
1539,001111101110110111
2400,001111100111110000
1600,001111100111110011
2800,001111100111111100
5040,001111100111111111
8820,001111111000000000
4900,001111111000000001
2800,001111111000000100
4200,001111111000000111
2520,001111111000010000
2100,001111111100010101
2520,001111111000011100
4200,001111111000011111
3500,001111111010100000
2100,001111111010100011
2002,001111111010101010
2436,001111111101010111
2520,001111111001110000
1750,001111111011101101
2800,001111111001111100
4900,001111111001111111
8820,001111111110000000
5040,001111111110000001
3024,001111111110000100
4536,001111111110000111
3780,001111111110101000
2940,001111111111010101
3024,001111111110011100
5040,001111111110011111
9240,001111111111100000
5544,001111111111100001
4620,001111111111101010
5544,001111111111100111
10296,001111111111111000
6864,001111111111111001
12870,001111111111111110
24310,011111111111111111
