31824,000000000000000000
19448,000000000000000001
11440,000000000000000010
15015,000000000000000111
9009,000000000000001000
6864,000000000000010101
9009,000000000000001110
12870,000000000000011111
7920,000000000000100000
5148,000000000000010001
4884,000000000000101010
5346,000000000001010111
7128,000000000000111000
5148,000000000000011101
7920,000000000000111110
11880,000000000000111111
7350,000000000010000000
4620,000000000001000001
2814,000000000010010010
4158,000000000001000111
3906,000000000010101000
3234,000000000001010101
3276,000000000010101110
4788,000000000010101111
6300,000000000011100000
4158,000000000001110001
3150,000000000011101010
4158,000000000001110111
6300,000000000011111000
4620,000000000001111101
7350,000000000011111110
11760,000000000011111111
7056,000000000100000000
4410,000000000100000001
2520,000000000010000010
3780,000000000100000111
2324,000000001001001000
1890,000000000100010101
2268,000000000010001110
3780,000000000100011111
3500,000000001010100000
2268,000000000101010001
2184,000000001010101010
2646,000000000101010111
2646,000000001010111000
1890,000000000101011101
2940,000000001010111110
4690,000000001010111111
5880,000000001110000000
3780,000000000111000001
2268,000000000011100010
3402,000000000111000111
2520,000000001110101000
2268,000000000111010101
2268,000000000011101110
3780,000000000111011111
5600,000000001111100000
3780,000000000111110001
2800,000000001111101010
3780,000000000111110111
5880,000000001111111000
4410,000000000111111101
7056,000000000111111110
11760,000000001111111111
7350,000000010000000000
4410,000000010000000001
2450,000000001000000010
3675,000000010000000111
2100,000000001000001000
1750,000000010000010101
2100,000000001000001110
3500,000000010000011111
2125,000000100100100000
1393,000000010010010001
1295,000000010001001010
1575,000000010001010111
1890,000000001000111000
1260,000000001000011101
2100,000000001000111110
3675,000000010001111111
3325,000000010101000000
2100,000000010101000001
1260,000000010101000100
1890,000000010101000111
1800,000000101010101000
1596,000000010101010101
1470,000000010101011100
2450,000000010101011111
2400,000000101011100000
1575,000000010101110001
1170,000000101011101010
1575,000000010101110111
2400,000000101011111000
1750,000000010101111101
2800,000000010101111110
4690,000000101011111111
5880,000000011100000000
3675,000000011100000001
2100,000000001110000010
3150,000000011100000111
1890,000000001110001000
1575,000000011100010101
1890,000000001110001110
3150,000000011100011111
2310,000000011101010000
1575,000000011101010001
1470,000000001110101010
1890,000000011101010111
1890,000000001110111000
1330,000000011101101101
2100,000000001110111110
3675,000000011101111111
5250,000000011111000000
3500,000000011111000001
2100,000000001111100010
3150,000000011111000111
2310,000000011110101000
2100,000000011111010101
2100,000000001111101110
3500,000000011111011111
5250,000000011111100000
3675,000000011111110001
2800,000000011111101010
3675,000000011111110111
5880,000000011111111000
4410,000000011111111101
7350,000000011111111110
11880,000000111111111111
7920,000001000000000000
4620,000001000000000001
2520,000000100000000010
3780,000001000000000111
2100,000000100000001000
1750,000001000000010101
2100,000000100000001110
3500,000001000000011111
2000,000000100000100000
1200,000000100000010001
1200,000000100000101010
1500,000001000001010111
1800,000000100000111000
1200,000000100000011101
2000,000000100000111110
3500,000001000001111111
2125,000001001001000000
1300,000001001001000001
888,000001000100010010
1185,000001001001000111
1098,000001000100101000
930,000001001001010101
918,000001000100101110
1500,000001000101011111
1800,000000100011100000
1080,000000100001110001
900,000000100011101010
1080,000000100001110111
1800,000000100011111000
1200,000000100001111101
2100,000000100011111110
3780,000001000111111111
3500,000001010100000000
2100,000001010100000001
1200,000001010100000100
1800,000001010100000111
1080,000001010010001000
880,000001010100010101
1080,000001010100011100
1800,000001010100011111
1660,000001010101010000
1115,000001010101010001
1056,000000101010101010
1375,000001010101010111
1260,000001010101110000
905,000001010101011101
1400,000001010101111100
2450,000001010101111111
2310,000010101110000000
1500,000001010111000001
900,000001010111000010
1350,000001010111000111
990,000001010110101000
880,000001010111010101
930,000001011011101110
1500,000001010111011111
2200,000001010111100000
1500,000001010111110001
1160,000001010111101010
1500,000001010111110111
2400,000001010111111000
1750,000001010111111101
2940,000001010111111110
4788,000010101111111111
6300,000001110000000000
3780,000001110000000001
2100,000000111000000010
3150,000001110000000111
1800,000000111000001000
1500,000001110000010101
1800,000000111000001110
3000,000001110000011111
1800,000000111000100000
1080,000000111000010001
1080,000000111000101010
1350,000001110001010111
1620,000000111000111000
1080,000000111000011101
1800,000000111000111110
3150,000001110001111111
2400,000001110101000000
1500,000001110101000001
900,000000111010100010
1350,000001110101000111
1260,000000111010101000
1100,000001110101010101
1080,000000111010101110
1800,000001110101011111
1800,000000111011100000
1080,000000111001110001
930,000001110111011010
1170,000001110110110111
1800,000000111011111000
1200,000000111001111101
2100,000000111011111110
3780,000001110111111111
5600,000001111100000000
3500,000001111100000001
2000,000000111110000010
3000,000001111100000111
1800,000000111110001000
1500,000001111100010101
1800,000000111110001110
3000,000001111100011111
2200,000001111010100000
1500,000001111101010001
1400,000000111110101010
1800,000001111101010111
1800,000000111110111000
1250,000001111101101101
2000,000000111110111110
3500,000001111101111111
5250,000001111110000000
3500,000001111111000001
2100,000000111111100010
3150,000001111111000111
2400,000001111110101000
2100,000001111111010101
2100,000000111111101110
3500,000001111111011111
5600,000001111111100000
3780,000001111111110001
2940,000001111111101010
3780,000001111111110111
6300,000001111111111000
4620,000001111111111101
7920,000001111111111110
12870,000001111111111111
9009,000100000000000000
5148,000100000000000001
2772,000010000000000010
4158,000100000000000111
2268,000010000000001000
1890,000100000000010101
2268,000010000000001110
3780,000100000000011111
2100,000010000000100000
1260,000010000000010001
1260,000010000000101010
1575,000100000001010111
1890,000010000000111000
1260,000010000000011101
2100,000010000000111110
3675,000100000001111111
2100,000010000010000000
1200,000010000001000001
766,000100000100010010
1080,000010000001000111
1080,000010000010101000
855,000100000101010101
900,000010000010101110
1500,000100000101011111
1800,000010000011100000
1080,000010000001110001
900,000010000011101010
1080,000010000001110111
1800,000010000011111000
1200,000010000001111101
2100,000010000011111110
3780,000100000111111111
2324,000100100100000000
1358,000100100100000001
786,000100100010000010
1155,000100100100000111
810,000100010001001000
603,000010001000100101
702,000100010010001110
1170,000100100100011111
1080,000010001010100000
672,000100100101010001
684,000100010010101010
831,000100100101010111
810,000010001010111000
549,000100010011011101
900,000010001010111110
1575,000100010101111111
1890,000010001110000000
1080,000010000111000001
648,000010000111000010
972,000010000111000111
810,000010001110101000
648,000010000111010101
648,000010000111001110
1080,000010000111011111
1800,000010001111100000
1080,000010000111110001
900,000010001111101010
1080,000010000111110111
1890,000010001111111000
1260,000010000111111101
2268,000010001111111110
4158,000100011111111111
3906,000101010000000000
2268,000101010000000001
1260,000101010000000100
1890,000101010000000111
1080,000101010000010000
885,000101010000010101
1080,000101010000011100
1800,000101010000011111
1098,000101001000100000
687,000101010010010001
612,000101010001001010
792,000101010001010111
972,000101010001110000
648,000101010001110011
1080,000101010001111100
1890,000101010001111111
1800,000101010101000000
1105,000101010101000001
675,000101010101000100
999,000101010101000111
939,000010101010101000
870,000101010101010101
825,000101010101011100
1375,000101010101011111
1260,000101010111000000
783,000101010101110001
618,000101010111011010
831,000101010110110111
1260,000101010111110000
865,000101010101111101
1470,000101010111111100
2646,000101010111111111
2520,000101011100000000
1575,000101011100000001
900,000101011100000010
1350,000101011100000111
810,000101011100001000
675,000101011100010101
810,000101011100001110
1350,000101011100011111
990,000101011010100000
657,000101011101010001
615,000101101110101010
792,000101011101010111
837,000101101110111000
591,000101011011011101
921,000101101110111110
1575,000101011101111111
2310,000101011110000000
1500,000101011111000001
900,000101011111000010
1350,000101011111000111
1044,000101011110101000
885,000101011111010101
900,000101011111001110
1500,000101011111011111
2400,000101011111100000
1575,000101011111110001
1245,000101011111101010
1575,000101011111110111
2646,000101011111111000
1890,000101011111111101
3276,000101011111111110
5346,000101011111111111
7128,000111000000000000
4158,000111000000000001
2268,000011100000000010
3402,000111000000000111
1890,000011100000001000
1575,000111000000010101
1890,000011100000001110
3150,000111000000011111
1800,000011100000100000
1080,000011100000010001
1080,000011100000101010
1350,000111000001010111
1620,000011100000111000
1080,000011100000011101
1800,000011100000111110
3150,000111000001111111
1890,000011100010000000
1080,000011100001000001
684,000011100010010010
972,000011100001000111
972,000011100010101000
774,000111000101010101
810,000011100010101110
1350,000111000101011111
1620,000011100011100000
972,000011100001110001
810,000011100011101010
972,000011100001110111
1620,000011100011111000
1080,000011100001111101
1890,000011100011111110
3402,000111000111111111
2646,000111010100000000
1575,000111010100000001
900,000011101010000010
1350,000111010100000111
810,000011101010001000
657,000111010100010101
810,000011101010001110
1350,000111010100011111
1260,000011101010100000
792,000111010101010001
820,000011101010101010
999,000111010101010111
972,000011101010111000
651,000111010101101101
1080,000011101010111110
1890,000111010101111111
1890,000011101110000000
1080,000011100111000001
648,000011100111000010
972,000011100111000111
837,000111011101101000
681,000111011011010101
729,000111011011101110
1185,000111011011011111
1800,000011101111100000
1080,000011100111110001
900,000011101111101010
1080,000011100111110111
1890,000011101111111000
1260,000011100111111101
2268,000011101111111110
4158,000111011111111111
6300,000111110000000000
3780,000111110000000001
2100,000011111000000010
3150,000111110000000111
1800,000011111000001000
1500,000111110000010101
1800,000011111000001110
3000,000111110000011111
1800,000011111000100000
1080,000011111000010001
1080,000011111000101010
1350,000111110001010111
1620,000011111000111000
1080,000011111000011101
1800,000011111000111110
3150,000111110001111111
2400,000111110101000000
1500,000111110101000001
900,000011111010100010
1350,000111110101000111
1260,000011111010101000
1095,000111110101010101
1080,000011111010101110
1800,000111110101011111
1800,000011111011100000
1080,000011111001110001
921,000111110111011010
1155,000111110110110111
1800,000011111011111000
1200,000011111001111101
2100,000011111011111110
3780,000111110111111111
5880,000111111100000000
3675,000111111100000001
2100,000011111110000010
3150,000111111100000111
1890,000011111110001000
1575,000111111100010101
1890,000011111110001110
3150,000111111100011111
2400,000111111010100000
1575,000111111101010001
1470,000011111110101010
1890,000111111101010111
1890,000011111110111000
1323,000111111101101101
2100,000011111110111110
3675,000111111101111111
5880,000111111110000000
3780,000111111111000001
2268,000011111111100010
3402,000111111111000111
2646,000111111110101000
2268,000111111111010101
2268,000011111111101110
3780,000111111111011111
6300,000111111111100000
4158,000111111111110001
3276,000111111111101010
4158,000111111111110111
7128,000111111111111000
5148,000111111111111101
9009,000111111111111110
15015,000111111111111111
11440,010000000000000000
6435,010000000000000001
3432,001000000000000010
5148,010000000000000111
2772,001000000000001000
2310,010000000000010101
2772,001000000000001110
4620,010000000000011111
2520,001000000000100000
1512,001000000000010001
1512,001000000000101010
1890,010000000001010111
2268,001000000000111000
1512,001000000000011101
2520,001000000000111110
4410,010000000001111111
2450,001000000010000000
1400,001000000001000001
882,001000000010010010
1260,001000000001000111
1260,001000000010101000
1001,010000000101010101
1050,001000000010101110
1750,010000000101011111
2100,001000000011100000
1260,001000000001110001
1050,001000000011101010
1260,001000000001110111
2100,001000000011111000
1400,001000000001111101
2450,001000000011111110
4410,010000000111111111
2520,001000001000000000
1400,001000000100000001
800,001000000100000010
1200,001000000100000111
786,010000010001001000
619,001000001000100101
720,001000000100001110
1200,001000000100011111
1200,001000001010100000
720,001000001010100011
730,001000001010101010
865,010000010101010111
900,001000001010111000
600,001000001010111001
1000,001000001010111110
1750,010000010101111111
2100,001000001110000000
1200,001000000111000001
720,001000000111000010
1080,001000000111000111
900,001000001110101000
720,001000000111010101
720,001000000111001110
1200,001000000111011111
2000,001000001111100000
1200,001000000111110001
1000,001000001111101010
1200,001000000111110111
2100,001000001111111000
1400,001000000111111101
2520,001000001111111110
4620,010000011111111111
2814,010010010000000000
1596,010010010000000001
882,010010010000000100
1323,010010010000000111
766,010010001000001000
611,010010010000010101
750,010010010000011100
1250,010010010000011111
888,010001001000100000
540,010001000100010001
498,010001000100101010
591,010001001001010111
684,010010010001110000
456,010010010001110011
760,010010010001111100
1330,010010010001111111
1260,001000101010000000
720,001000101010000011
440,001000101010010010
651,010010010101000111
675,001000101010101000
563,010010010101010101
543,010001010101011100
905,010001010101011111
900,001000101011100000
540,001000101011100001
438,001000101011101010
549,010001001101110111
900,001000101011111000
600,001000101011111001
1050,001000101011111110
1890,010001010111111111
2268,001000111000000000
1260,001000011100000001
720,001000011100000010
1080,001000011100000111
648,001000011100001000
540,001000011100010101
648,001000011100001110
1080,001000011100011111
900,001000111010100000
540,001000011101010001
516,001000111010101010
648,001000011101010111
648,001000011100111000
456,001100011101101101
720,001000011100111110
1260,001000011101111111
2100,001000111110000000
1200,001000011111000001
720,001000011111000010
1080,001000011111000111
900,001000111110101000
720,001000011111010101
720,001000011111001110
1200,001000011111011111
2100,001000111111100000
1260,001000011111110001
1050,001000111111101010
1260,001000011111110111
2268,001000111111111000
1512,001000011111111101
2772,001000111111111110
5148,010001111111111111
4884,010101000000000000
2772,010101000000000001
1512,010101000000000100
2268,010101000000000111
1260,010101000000010000
1036,010101000000010101
1260,010101000000011100
2100,010101000000011111
1200,010101000001000000
720,010101000001000011
656,010101000000101010
885,010101000001010111
1080,010101000001110000
720,010101000001110011
1200,010101000001111100
2100,010101000001111111
1295,010100100010000000
745,010101001001000001
498,010101001000100010
681,010101001001000111
612,010100100010101000
528,010101001001010101
528,010101000101011100
880,010101000101011111
1080,010101000111000000
648,010101000111000011
510,010101000011101010
648,010101000111001111
1080,010101000111110000
720,010101000111110011
1260,010101000111111100
2268,010101000111111111
2184,010101010100000000
1281,010101010100000001
730,010101010100000100
1095,010101010100000111
684,010101010010001000
540,010101010100010101
660,010101010100011100
1100,010101010100011111
1056,010101010101000000
683,010101010101010001
650,001010101010101010
870,010101010101010111
820,010101010101110000
563,010101010101101101
910,010101010101111100
1596,010101010101111111
1470,010101011100000000
860,010101010111000001
516,010101010111000100
774,010101010111000111
615,010101011101101000
528,010101011011010101
564,010101011011101110
930,010101011011011111
1400,010101011111000000
855,010101010111110001
675,010101010111101010
855,010101010111110111
1470,010101011111110000
1001,010101010111111101
1764,010101011111111100
3234,010101011111111111
3150,010101110000000000
1890,010101110000000001
1050,010101110000000010
1575,010101110000000111
900,010101110000001000
750,010101110000010101
900,010101110000001110
1500,010101110000011111
900,010101110000100000
540,010101110000100001
510,010101110000101010
675,010101110001010111
810,010101110000111000
540,010101110000111001
900,010101110000111110
1575,010101110001111111
1170,010101110101000000
730,010101110101000001
438,010101110101000100
657,010101110101000111
618,010110111010101000
540,010101110101010101
528,010101110101011100
880,010101110101011111
930,010110111011100000
558,010110111011100011
477,010101110111011010
603,010101101101110111
921,010110111011111000
619,010110111011111011
1085,010110111011111110
1890,010101110111111111
2800,010101111100000000
1750,010101111100000001
1000,010101111100000010
1500,010101111100000111
900,010101111100001000
750,010101111100010101
900,010101111100001110
1500,010101111100011111
1160,010101111010100000
735,010101111101010001
675,010101111010101010
885,010101111101010111
900,010101111100111000
611,010101111101101101
1000,010101111100111110
1750,010101111101111111
2800,010101111110000000
1750,010101111111000001
1050,010101111111000010
1575,010101111111000111
1245,010101111110101000
1036,010101111111010101
1050,010101111111001110
1750,010101111111011111
2940,010101111111100000
1890,010101111111110001
1512,010101111111101010
1890,010101111111110111
3276,010101111111111000
2310,010101111111111101
4092,010101111111111110
6864,010101111111111111
9009,011100000000000000
5148,011100000000000001
2772,001110000000000010
4158,011100000000000111
2268,001110000000001000
1890,011100000000010101
2268,001110000000001110
3780,011100000000011111
2100,001110000000100000
1260,001110000000010001
1260,001110000000101010
1575,011100000001010111
1890,001110000000111000
1260,001110000000011101
2100,001110000000111110
3675,011100000001111111
2100,001110000010000000
1200,001110000001000001
750,001110000010010010
1080,001110000001000111
1080,001110000010101000
855,011100000101010101
900,001110000010101110
1500,011100000101011111
1800,001110000011100000
1080,001110000001110001
900,001110000011101010
1080,001110000001110111
1800,001110000011111000
1200,001110000001111101
2100,001110000011111110
3780,011100000111111111
2268,001110001000000000
1260,001110000100000001
720,001110000100000010
1080,001110000100000111
702,001110001001001000
558,001110001000100101
648,001110000100001110
1080,001110000100011111
1080,001110001010100000
648,001110001010100011
660,001110001010101010
783,011100010101010111
810,001110001010111000
540,001110001010111001
900,001110001010111110
1575,011100010101111111
1890,001110001110000000
1080,001110000111000001
648,001110000111000010
972,001110000111000111
810,001110001110101000
648,001110000111010101
648,001110000111001110
1080,001110000111011111
1800,001110001111100000
1080,001110000111110001
900,001110001111101010
1080,001110000111110111
1890,001110001111111000
1260,001110000111111101
2268,001110001111111110
4158,011100011111111111
3276,011101010000000000
1890,011101010000000001
1050,001110101000000010
1575,011101010000000111
900,001110101000001000
735,011101010000010101
900,001110101000001110
1500,011101010000011111
918,011101001000100000
558,001110100100010001
528,001110101000101010
657,011101010001010111
810,001110101000111000
540,001110101000111001
900,001110101000111110
1575,011101010001111111
1470,001110101010000000
875,011101010101000001
543,001110101010100010
792,011101010101000111
825,001110101010101000
683,011101010101010101
669,001110101010101110
1115,011101010101011111
1080,001110101011100000
648,001110101011100001
528,001110101011101010
672,011101010110110111
1080,001110101011111000
720,001110101011111001
1260,001110101011111110
2268,011101010111111111
2268,001110111000000000
1260,001110011100000001
720,001110011100000010
1080,001110011100000111
648,001110011100001000
540,001110011100010101
648,001110011100001110
1080,001110011100011111
930,011101110110100000
558,011101110110100011
564,011101110110101010
687,011101101101010111
729,011101101110111000
540,011101110111011101
801,011101101110111110
1393,011101101101111111
2100,001110111110000000
1200,001110011111000001
720,001110011111000010
1080,001110011111000111
900,001110111110101000
720,001110011111010101
720,001110011111001110
1200,001110011111011111
2100,001110111111100000
1260,001110011111110001
1050,001110111111101010
1260,001110011111110111
2268,001110111111111000
1512,001110011111111101
2772,001110111111111110
5148,011101111111111111
7920,011111000000000000
4620,011111000000000001
2520,001111100000000010
3780,011111000000000111
2100,001111100000001000
1750,011111000000010101
2100,001111100000001110
3500,011111000000011111
2000,001111100000100000
1200,001111100000010001
1200,001111100000101010
1500,011111000001010111
1800,001111100000111000
1200,001111100000011101
2000,001111100000111110
3500,011111000001111111
2100,001111100010000000
1200,001111100001000001
760,001111100010010010
1080,001111100001000111
1080,001111100010101000
860,011111000101010101
900,001111100010101110
1500,011111000101011111
1800,001111100011100000
1080,001111100001110001
900,001111100011101010
1080,001111100001110111
1800,001111100011111000
1200,001111100001111101
2100,001111100011111110
3780,011111000111111111
2940,011111010100000000
1750,011111010100000001
1000,001111101010000010
1500,011111010100000111
900,001111101010001000
730,011111010100010101
900,001111101010001110
1500,011111010100011111
1400,001111101010100000
875,011111010101010001
910,001111101010101010
1105,011111010101010111
1080,001111101010111000
720,001111101010111001
1200,001111101010111110
2100,011111010101111111
2100,001111101110000000
1200,001111100111000001
720,001111100111000010
1080,001111100111000111
921,011111011101101000
745,011111011011010101
801,011111011101101110
1300,011111011011011111
2000,001111101111100000
1200,001111100111110001
1000,001111101111101010
1200,001111100111110111
2100,001111101111111000
1400,001111100111111101
2520,001111101111111110
4620,011111011111111111
7350,011111110000000000
4410,011111110000000001
2450,001111111000000010
3675,011111110000000111
2100,001111111000001000
1750,011111110000010101
2100,001111111000001110
3500,011111110000011111
2100,001111111000100000
1260,001111111000010001
1260,001111111000101010
1575,011111110001010111
1890,001111111000111000
1260,001111111000011101
2100,001111111000111110
3675,011111110001111111
2800,011111101010000000
1750,011111110101000001
1050,001111111010100010
1575,011111110101000111
1470,001111111010101000
1281,011111110101010101
1260,001111111010101110
2100,011111110101011111
2100,001111111011100000
1260,001111111001110001
1085,011111110111011010
1358,011111110110110111
2100,001111111011111000
1400,001111111001111101
2450,001111111011111110
4410,011111110111111111
7056,011111111000000000
4410,011111111100000001
2520,001111111110000010
3780,011111111100000111
2268,001111111110001000
1890,011111111100010101
2268,001111111110001110
3780,011111111100011111
2940,011111111010100000
1890,011111111101010001
1764,001111111110101010
2268,011111111101010111
2268,001111111110111000
1596,011111111101101101
2520,001111111110111110
4410,011111111101111111
7350,011111111110000000
4620,011111111111000001
2772,001111111111100010
4158,011111111111000111
3276,011111111110101000
2772,011111111111010101
2772,001111111111101110
4620,011111111111011111
7920,011111111111100000
5148,011111111111110001
4092,011111111111101010
5148,011111111111110111
9009,011111111111111000
6435,011111111111111101
11440,011111111111111110
19448,011111111111111111
