18564,000000000000000000
12376,000000000000000001
8008,000000000000000010
9009,000000000000000111
6006,000000000000001000
5005,000000000000000101
6006,000000000000001110
8008,000000000000001111
5148,000000000000010000
3861,000000000000010001
3267,000000000000101010
3861,000000000000010111
4455,000000000000111000
3861,000000000000011101
5148,000000000000011110
7425,000000000000111111
4950,000000000001000000
3300,000000000001000001
2376,000000000000100010
2970,000000000001000111
2442,000000000001010100
2442,000000000001010101
2376,000000000000101110
3300,000000000001011111
3960,000000000001110000
2970,000000000001110001
2376,000000000000111010
2970,000000000001110111
3960,000000000001111000
3300,000000000001111101
4950,000000000001111110
6930,000000000001111111
4704,000000000100000000
3150,000000000010000001
2100,000000000010000010
2520,000000000010000111
1890,000000000010001000
1386,000000000001000101
1890,000000000010001110
2520,000000000010001111
2352,000000000101010000
1638,000000000101010001
1722,000000000010101010
1890,000000000101010111
1890,000000000010111000
1386,000000000001011101
2100,000000000010111110
3150,000000000010111111
3780,000000000111000000
2520,000000000011100001
1890,000000000011100010
2268,000000000111000111
1890,000000000011101000
1512,000000000111010101
1890,000000000011101110
2520,000000000011101111
3360,000000000011110000
2520,000000000011110001
2100,000000000011111010
2520,000000000011110111
3780,000000000111111000
3150,000000000011111101
4704,000000000111111110
7056,000000000111111111
4704,000000001000000000
3136,000000001000000001
1960,000000001000000010
2520,000000001000000111
1680,000000001000001000
1260,000000000100000101
1680,000000001000001110
2240,000000001000001111
1680,000000001000100000
1134,000000000100010001
1008,000000001000101010
1134,000000000100010111
1512,000000001000111000
1134,000000000100011101
1680,000000001000111110
2520,000000001000111111
2205,000000010101000000
1512,000000001010100001
1050,000000001010100010
1260,000000010101000111
1386,000000001010101000
1134,000000000101010101
1218,000000001010101110
1736,000000001010101111
1680,000000001011100000
1134,000000000101110001
924,000000001011011010
1134,000000000101110111
1680,000000001011111000
1288,000000001010111101
1960,000000001011111110
3136,000000001011111111
3528,000000001110000000
2520,000000001110000001
1680,000000001110000010
2016,000000001110000111
1512,000000001110001000
1134,000000000111000101
1512,000000001110001110
2016,000000001110001111
1680,000000001110100000
1134,000000000111010001
1176,000000001110101010
1176,000000001101010111
1512,000000001110111000
1134,000000000111011101
1680,000000001110111110
2520,000000001110111111
3360,000000001111000000
2240,000000001111000001
1680,000000001111100010
2016,000000001111000111
1680,000000001111101000
1456,000000001111010101
1680,000000001111101110
2240,000000001111011111
3360,000000001111110000
2520,000000001111110001
1960,000000001111111010
2520,000000001111110111
3528,000000001111111000
3136,000000001111111101
4704,000000001111111110
6930,000000011111111111
4950,000000100000000000
3150,000000100000000001
1960,000000010000000010
2520,000000100000000111
1575,000000010000001000
1225,000000010000000101
1575,000000010000001110
2250,000000100000011111
1500,000000100000100000
1050,000000010000010001
910,000000010000101010
1050,000000010000010111
1350,000000100000111000
1050,000000010000011101
1500,000000100000111110
2250,000000100000111111
1575,000000010001000000
1050,000000010001000001
690,000000100100100010
945,000000010001000111
810,000000100010101000
735,000000010001010101
705,000000100100101110
1050,000000010001011111
1350,000000100011100000
945,000000010001110001
675,000000100011101010
945,000000010001110111
1350,000000100011111000
1050,000000010001111101
1575,000000010001111110
2520,000000100011111111
2205,000000101010000000
1500,000000101010000001
950,000000101010000010
1230,000000101010000111
855,000000101010001000
630,000000010100100101
855,000000101010001110
1140,000000101010001111
1250,000000101010100000
840,000000010101010001
890,000000101010101010
945,000000010101010111
990,000000101010111000
735,000000010101011101
1100,000000101010111110
1725,000000101010111111
1575,000000010111000000
1050,000000010111000001
720,000000101011100010
945,000000010111000111
750,000000101101101000
630,000000010110110101
720,000000101011101110
1050,000000010111011111
1500,000000101111100000
1050,000000010111110001
800,000000101011111010
1050,000000010111110111
1575,000000010111111000
1275,000000101011111101
1960,000000010111111110
3150,000000101111111111
3780,000000111000000000
2520,000000111000000001
1575,000000011100000010
2025,000000111000000111
1350,000000111000001000
1050,000000011100000101
1350,000000111000001110
1800,000000111000001111
1350,000000111000100000
945,000000011100010001
810,000000111000101010
945,000000011100010111
1215,000000111000111000
945,000000011100011101
1350,000000111000111110
2025,000000111000111111
1575,000000011101000000
1050,000000011101000001
675,000000111010100010
945,000000011101000111
945,000000111010101000
840,000000011101010101
810,000000111010101110
1170,000000111010101111
1350,000000111011100000
945,000000011101110001
675,000000111011101010
945,000000011101110111
1350,000000111011111000
1050,000000011101111101
1575,000000011101111110
2520,000000111011111111
3360,000000111100000000
2250,000000111110000001
1500,000000111110000010
1800,000000111100000111
1350,000000111110001000
1050,000000011111000101
1350,000000111110001110
1800,000000111100011111
1500,000000111110100000
1050,000000011111010001
1050,000000011110101010
1170,000000111101010111
1350,000000111110111000
1050,000000011111011101
1500,000000111110111110
2250,000000111110111111
3375,000000111111000000
2250,000000111111000001
1575,000000011111100010
2025,000000111111000111
1575,000000011111101000
1425,000000111111010101
1575,000000011111101110
2250,000000111111011111
3360,000000111111110000
2520,000000111111110001
1960,000000011111111010
2520,000000111111110111
3780,000000111111111000
3150,000000111111111101
4950,000000111111111110
7425,000000111111111111
5148,000010000000000000
3300,000001000000000001
2100,000001000000000010
2520,000001000000000111
1680,000001000000001000
1260,000001000000000101
1680,000001000000001110
2240,000001000000001111
1500,000001000000100000
1050,000001000000010001
950,000001000000101010
1050,000001000000010111
1350,000001000000111000
1050,000001000000011101
1500,000001000000111110
2250,000001000000111111
1500,000001000001000000
1000,000001000001000001
600,000000100000100010
900,000001000001000111
780,000001000010101000
700,000001000001010101
660,000001000010101110
1000,000001000001011111
1200,000001000001110000
900,000001000001110001
600,000000100000111010
900,000001000001110111
1200,000001000001111000
1000,000001000001111101
1500,000001000001111110
2240,000001000011111111
1680,000001000100000000
1050,000001000100000001
600,000000100010000010
900,000001000100000111
576,000010010010001000
486,000001000100100101
540,000000100010001110
900,000001000100011111
780,000001000101010000
540,000001000101010001
508,000010010010101010
630,000001000101010111
576,000010010010111000
450,000001000101011101
660,000001000101011110
1050,000001000101111111
1350,000001000111000000
900,000001000111000001
540,000000100011100010
810,000001000111000111
540,000000100011101000
540,000001000111010101
540,000000100011101110
900,000001000111011111
1200,000001000111100000
900,000001000111110001
660,000001000111101010
900,000001000111110111
1350,000001000111111000
1050,000001000111111101
1680,000001000111111110
2520,000001000111111111
2352,000010101000000000
1512,000010101000000001
950,000001010100000010
1230,000010101000000111
780,000001010100001000
600,000001010100000101
780,000001010100001110
1120,000010101000011111
780,000010101000100000
540,000001010100010001
460,000001010100101010
540,000001010010010111
702,000010101000111000
540,000001010100011101
780,000010101000111110
1170,000010101000111111
1250,000001010101000000
800,000001010101000001
512,000010101010100010
720,000001010101000111
736,000010101010101000
665,000001010101010101
614,000010101010101110
900,000001010101011111
900,000010101011100000
630,000001010101110001
468,000010101011011010
630,000001010101110111
900,000001010101111000
700,000001010101111101
1100,000001010101111110
1736,000010101011111111
1680,000001011100000000
1050,000001011100000001
660,000010101110000010
900,000001011100000111
594,000010101110001000
450,000001010111000101
594,000010101110001110
900,000001011100011111
680,000001011011010000
480,000001011011010001
454,000010101110101010
540,000001011011010111
594,000010101110111000
470,000001011011011101
660,000010101110111110
1050,000001011101111111
1500,000001011111000000
1000,000001011111000001
660,000001010111100010
900,000001011111000111
660,000001010111101000
604,000010101111010101
660,000001010111101110
1000,000001011111011111
1500,000001011111100000
1050,000001011111110001
800,000001010111111010
1050,000001011111110111
1680,000001011111111000
1288,000010101111111101
2100,000001011111111110
3300,000001011111111111
3960,000011100000000000
2520,000001110000000001
1680,000001110000000010
2016,000011100000000111
1350,000001110000001000
1050,000001110000000101
1350,000001110000001110
1800,000001110000001111
1200,000001110000010000
900,000001110000010001
780,000001110000101010
900,000001110000010111
1080,000001110000111000
900,000001110000011101
1200,000001110000011110
1800,000001110000111111
1350,000001110001000000
900,000001110001000001
540,000000111000100010
810,000001110001000111
648,000011100010101000
630,000001110001010101
540,000000111000101110
900,000001110001011111
1080,000001110001110000
810,000001110001110001
540,000000111000111010
810,000001110001110111
1080,000001110001111000
900,000001110001111101
1350,000001110001111110
2016,000011100011111111
1680,000001110100000000
1050,000001110100000001
660,000001110101000010
900,000001110100000111
540,000000111010001000
480,000001110100100101
540,000000111010001110
900,000001110100011111
900,000001110101010000
630,000001110101010001
560,000001101010101010
720,000001110101010111
648,000011101010111000
540,000001110101011101
780,000001110101011110
1140,000011101010111111
1350,000001110111000000
900,000001110111000001
540,000000111011100010
810,000001110111000111
540,000000111011101000
540,000001110111010101
540,000000111011101110
900,000001110111011111
1200,000001110111100000
900,000001110111110001
660,000001110111101010
900,000001110111110111
1350,000001110111111000
1050,000001110111111101
1680,000001110111111110
2520,000001110111111111
3360,000001111000000000
2240,000001111000000001
1500,000001111100000010
1800,000001111000000111
1200,000001111000001000
1000,000001111100000101
1200,000001111000001110
1600,000001111000001111
1200,000001111000100000
900,000001111100010001
720,000001111000101010
900,000001111100010111
1080,000001111000111000
900,000001111100011101
1200,000001111000111110
1800,000001111000111111
1500,000001111101000000
1000,000001111101000001
660,000001111010100010
900,000001111101000111
900,000001111010101000
800,000001111101010101
780,000001111010101110
1120,000001111010101111
1200,000001111011100000
900,000001111101110001
640,000001111011011010
900,000001111101110111
1200,000001111011111000
1000,000001111101111101
1500,000001111101111110
2240,000001111011111111
3360,000011111100000000
2250,000001111110000001
1500,000001111110000010
1800,000001111110000111
1350,000001111110001000
1050,000001111111000101
1350,000001111110001110
1800,000001111110001111
1500,000001111110100000
1050,000001111111010001
1100,000001111110101010
1140,000011111101010111
1350,000001111110111000
1050,000001111111011101
1500,000001111110111110
2250,000001111110111111
3360,000011111111000000
2240,000001111111100001
1680,000001111111100010
2016,000011111111000111
1680,000001111111101000
1400,000001111111010101
1680,000001111111101110
2240,000001111111101111
3360,000001111111110000
2520,000001111111110001
2100,000001111111111010
2520,000001111111110111
3960,000011111111111000
3300,000001111111111101
5148,000011111111111110
8008,000011111111111111
6006,000100000000000000
3861,000100000000000001
2376,000100000000000010
2970,000100000000000111
1890,000100000000001000
1386,000100000000000101
1890,000100000000001110
2520,000100000000001111
1680,000100000000100000
1134,000100000000010001
1050,000100000000101010
1134,000100000000010111
1512,000100000000111000
1134,000100000000011101
1680,000100000000111110
2520,000100000000111111
1575,000100000001000000
1050,000100000001000001
630,000010000000100010
945,000100000001000111
855,000100000010101000
735,000100000001010101
720,000100000010101110
1050,000100000001011111
1350,000100000011100000
945,000100000001110001
675,000100000011101010
945,000100000001110111
1350,000100000011111000
1050,000100000001111101
1575,000100000001111110
2520,000100000011111111
1680,000100000100000000
1050,000100000100000001
600,000010000010000010
900,000100000100000111
540,000010000010001000
450,000100000100010101
540,000010000010001110
900,000100000100011111
780,000100000101010000
540,000100000101010001
492,000100001010101010
630,000100000101010111
594,000100001010111000
450,000100000101011101
660,000100000101011110
1050,000100000101111111
1350,000100000111000000
900,000100000111000001
540,000010000011100010
810,000100000111000111
540,000010000011101000
540,000100000111010101
540,000010000011101110
900,000100000111011111
1200,000100000111100000
900,000100000111110001
660,000100000111101010
900,000100000111110111
1350,000100000111111000
1050,000100000111111101
1680,000100000111111110
2520,000100000111111111
1890,000100010000000000
1134,000100010000000001
630,000010001000000010
945,000100010000000111
540,000010001000001000
450,000100010000010101
540,000010001000001110
900,000100010000011111
576,000100010010010000
396,000100010010010001
369,000100010001001010
432,000100010010010111
486,000010001000111000
351,000100100100011101
540,000010001000111110
945,000100010001111111
855,000100010101000000
540,000100010101000001
324,000010001010100010
486,000100010101000111
438,000100101010101000
423,000100010101010101
378,000010001010101110
630,000100010101011111
540,000010001011100000
405,000100010101110001
297,000100010011011010
405,000100010101110111
594,000100010101111000
450,000100010101111101
720,000100010101111110
1134,000100010111111111
1512,000100011100000000
945,000100011100000001
540,000010001110000010
810,000100011100000111
486,000010001110001000
405,000100011100010101
486,000010001110001110
810,000100011100011111
594,000100011101010000
405,000100011101010001
378,000010001110101010
486,000100011101010111
486,000010001110111000
342,000100011101101101
540,000010001110111110
945,000100011101111111
1350,000100011111000000
900,000100011111000001
540,000010001111100010
810,000100011111000111
594,000100011110101000
540,000100011111010101
540,000010001111101110
900,000100011111011111
1350,000100011111100000
945,000100011111110001
720,000100011111101010
945,000100011111110111
1512,000100011111111000
1134,000100011111111101
1890,000100011111111110
2970,000100011111111111
2442,001010100000000000
1638,000101010000000001
1050,000101010000000010
1260,000101010000000111
855,000101010000001000
630,000101010000000101
855,000101010000001110
1140,000101010000001111
780,000101010000100000
540,000101010000010001
492,000101010000101010
540,000101010000010111
702,000101010000111000
540,000101010000011101
780,000101010000111110
1170,000101010000111111
810,000101010001000000
540,000101010001000001
360,000101001000100010
486,000101010001000111
414,000101010010101000
372,000101010001010101
351,000101010010101110
540,000101001001011111
648,000101010001110000
486,000101010001110001
324,000101010001101010
486,000101010001110111
648,000101010001111000
540,000101010001111101
810,000101010001111110
1176,000101010011111111
1386,000101010100000000
840,000101010100000001
496,000101010101000010
720,000101010100000111
438,000101010101001000
383,000101010100100101
432,000101010100011100
720,000101010100011111
736,000101010101010000
504,000101010101010001
455,001010101010101010
600,000101010101010111
507,000101010101011000
423,000101010101011101
610,000101010101011110
945,000101010101111111
945,000101010111000000
630,000101010111000001
378,000101010111000010
567,000101010111000111
405,000101010110101000
372,000101010111010101
387,000101011011101110
630,000101010111011111
900,000101010111100000
630,000101010111110001
480,000101010111101010
630,000101010111110111
990,000101010111111000
735,000101010111111101
1218,000101010111111110
1890,000101010111111111
1890,000101110000000000
1134,000101110000000001
675,000101011100000010
945,000101110000000111
540,000010111000001000
450,000101011100000101
540,000010111000001110
900,000101110000011111
540,000010111000100000
405,000101011100010001
324,000010111000101010
405,000101011100010111
486,000010111000111000
405,000101011100011101
540,000010111000111110
945,000101110001111111
750,000101101101000000
480,000101101101000001
297,000101011010100010
432,000101101101000111
405,000101011010101000
381,000101101101010101
351,000101011010101110
540,000101101101011111
540,000010111011100000
405,000101011101110001
333,000101101110111010
432,000101101101110111
576,000101101101111000
450,000101011101111101
705,000101101101111110
1134,000101110111111111
1680,000101111100000000
1050,000101111100000001
660,000101011110000010
900,000101111100000111
594,000101011110001000
450,000101011111000101
594,000101011110001110
900,000101111100011111
660,000101011110100000
450,000101011111010001
480,000101011110101010
540,000101111101010111
594,000101011110111000
450,000101011111011101
660,000101011110111110
1050,000101111101111111
1575,000101111110000000
1050,000101111111000001
720,000101011111100010
945,000101111111000111
720,000101011111101000
630,000101111111010101
720,000101011111101110
1050,000101111111011111
1680,000101111111100000
1134,000101111111110001
882,000101011111111010
1134,000101111111110111
1890,000101111111111000
1386,000101011111111101
2376,000101111111111110
3861,000101111111111111
4455,000111000000000000
2970,000111000000000001
1890,000111000000000010
2268,000111000000000111
1512,000111000000001000
1134,000111000000000101
1512,000111000000001110
2016,000111000000001111
1350,000111000000100000
945,000111000000010001
855,000111000000101010
945,000111000000010111
1215,000111000000111000
945,000111000000011101
1350,000111000000111110
2025,000111000000111111
1350,000111000001000000
900,000111000001000001
540,000011100000100010
810,000111000001000111
702,000111000010101000
630,000111000001010101
594,000111000010101110
900,000111000001011111
1080,000111000001110000
810,000111000001110001
540,000011100000111010
810,000111000001110111
1080,000111000001111000
900,000111000001111101
1350,000111000001111110
2016,000111000011111111
1512,000111000100000000
945,000111000100000001
540,000011100010000010
810,000111000100000111
486,000011100010001000
405,000111000100010101
486,000011100010001110
810,000111000100011111
702,000111000101010000
486,000111000101010001
432,000011100010101010
567,000111000101010111
486,000011100010111000
405,000111000101011101
594,000111000101011110
945,000111000101111111
1215,000111000111000000
810,000111000111000001
486,000011100011100010
729,000111000111000111
486,000011100011101000
486,000111000111010101
486,000011100011101110
810,000111000111011111
1080,000111000111100000
810,000111000111110001
594,000111000111101010
810,000111000111110111
1215,000111000111111000
945,000111000111111101
1512,000111000111111110
2268,000111000111111111
1890,000111010000000000
1134,000111010000000001
720,000111010100000010
945,000111010000000111
594,000111010100001000
450,000111010000010101
594,000111010100001110
900,000111010000011111
576,000111010010010000
405,000111010100010001
351,000111010100101010
432,000111010010010111
486,000011101000111000
405,000111010100011101
540,000011101000111110
945,000111010001111111
990,000111010101000000
630,000111010101000001
378,000011101010100010
567,000111010101000111
507,000110101010101000
501,000111010101010101
432,000011101010101110
720,000111010101011111
648,000111010101110000
486,000111010101110001
351,000111010101101010
486,000111010101110111
702,000111010101111000
540,000111010101111101
855,000111010101111110
1260,000111010101111111
1512,000111011100000000
945,000111011100000001
540,000011101110000010
810,000111011100000111
486,000011101110001000
405,000111011100010101
486,000011101110001110
810,000111011100011111
594,000111011101010000
405,000111011101010001
387,000111011101101010
486,000111011101010111
486,000011101110111000
387,000111011011011101
540,000011101110111110
945,000111011101111111
1350,000111011111000000
900,000111011111000001
540,000011101111100010
810,000111011111000111
594,000111011110101000
540,000111011111010101
540,000011101111101110
900,000111011111011111
1350,000111011111100000
945,000111011111110001
720,000111011111101010
945,000111011111110111
1512,000111011111111000
1134,000111011111111101
1890,000111011111111110
2970,000111011111111111
3960,000111100000000000
2520,000111100000000001
1680,000111110000000010
2016,000111100000000111
1350,000111110000001000
1050,000111110000000101
1350,000111110000001110
1800,000111100000011111
1200,000111100000100000
900,000111110000010001
780,000111110000101010
900,000111110000010111
1080,000111100000111000
900,000111110000011101
1200,000111100000111110
1800,000111100000111111
1350,000111110001000000
900,000111110001000001
540,000011111000100010
810,000111110001000111
648,000111100010101000
630,000111110001010101
540,000011111000101110
900,000111110001011111
1080,000111100011100000
810,000111110001110001
540,000011111000111010
810,000111110001110111
1080,000111100011111000
900,000111110001111101
1350,000111110001111110
2016,000111100011111111
1680,000111110100000000
1050,000111101010000001
660,000111101010000010
900,000111110100000111
594,000111101010001000
480,000111110100100101
594,000111101010001110
900,000111110100011111
900,000111101010100000
630,000111110101010001
606,000111101010101010
720,000111110101010111
702,000111101010111000
540,000111110101011101
780,000111101010111110
1230,000111101010111111
1350,000111110111000000
900,000111110111000001
540,000011111011100010
810,000111110111000111
576,000111101101101000
540,000111110111010101
540,000011111011101110
900,000111110111011111
1200,000111101111100000
900,000111110111110001
660,000111110111101010
900,000111110111110111
1350,000111110111111000
1050,000111110111111101
1680,000111110111111110
2520,000111101111111111
3780,000111111000000000
2520,000111111000000001
1575,000111111000000010
2025,000111111000000111
1350,000111111000001000
1050,000111111100000101
1350,000111111000001110
1800,000111111000001111
1350,000111111000100000
945,000111111100010001
810,000111111000101010
945,000111111100010111
1215,000111111000111000
945,000111111100011101
1350,000111111000111110
2025,000111111000111111
1575,000111111010000000
1050,000111111010100001
720,000111111010100010
945,000111111101000111
990,000111111010101000
840,000111111101010101
855,000111111010101110
1230,000111111010101111
1350,000111111011100000
945,000111111101110001
705,000111111011011010
945,000111111101110111
1350,000111111011111000
1050,000111111101111101
1575,000111111011111110
2520,000111111011111111
3528,000111111100000000
2520,000111111110000001
1680,000111111110000010
2016,000111111110000111
1512,000111111110001000
1134,000111111111000101
1512,000111111110001110
2016,000111111110001111
1680,000111111110100000
1134,000111111111010001
1218,000111111110101010
1260,000111111101010111
1512,000111111110111000
1134,000111111111011101
1680,000111111110111110
2520,000111111110111111
3780,000111111111000000
2520,000111111111000001
1890,000111111111100010
2268,000111111111000111
1890,000111111111101000
1638,000111111111010101
1890,000111111111101110
2520,000111111111011111
3960,000111111111110000
2970,000111111111110001
2376,000111111111111010
2970,000111111111110111
4455,000111111111111000
3861,000111111111111101
6006,000111111111111110
9009,000111111111111111
8008,010000000000000000
5005,010000000000000001
3003,010000000000000010
3861,010000000000000111
2376,010000000000001000
1782,010000000000010101
2376,010000000000001110
3300,010000000000011111
2100,010000000000100000
1386,010000000000010001
1302,010000000000101010
1386,010000000000010111
1890,010000000000111000
1386,010000000000011101
2100,010000000000111110
3150,010000000000111111
1960,010000000010000000
1260,010000000001000001
756,001000000000100010
1134,010000000001000111
1050,010000000010101000
882,010000000001010101
882,010000000010101110
1288,010000000010101111
1680,010000000011100000
1134,010000000001110001
840,010000000011101010
1134,010000000001110111
1680,010000000011111000
1260,010000000001111101
1960,010000000011111110
3136,010000000011111111
1960,010000000100000000
1225,010000000100000001
700,001000000010000010
1050,010000000100000111
630,001000000010001000
525,010000000100010101
630,001000000010001110
1050,010000000100011111
950,010000001010100000
630,010000000101010001
595,010000001010101010
735,010000000101010111
720,010000001010111000
525,010000000101011101
800,010000001010111110
1275,010000001010111111
1575,010000000111000000
1050,010000000111000001
630,001000000011100010
945,010000000111000111
675,010000001110101000
630,010000000111010101
630,001000000011101110
1050,010000000111011111
1500,010000001111100000
1050,010000000111110001
770,010000000111101010
1050,010000000111110111
1575,010000000111111000
1225,010000000111111101
1960,010000000111111110
3150,010000001111111111
2100,010000010000000000
1260,010000010000000001
700,001000001000000010
1050,010000010000000111
600,001000001000001000
500,010000010000010101
600,001000001000001110
1000,010000010000011111
600,001000001000100000
395,010000010010010001
372,010000010001001010
450,010000010001010111
540,001000001000111000
360,001000000100011101
600,001000001000111110
1050,010000010001111111
950,010000010101000000
600,010000010101000001
360,001000001010100010
540,010000010101000111
496,010000101010101000
455,010000010101010101
420,001000001010101110
700,010000010101011111
660,010000101011100000
450,010000010101110001
330,010000010101101010
450,010000010101110111
660,010000010101111000
500,010000010101111101
800,010000010101111110
1288,010000101011111111
1680,010000011100000000
1050,010000011100000001
600,001000001110000010
900,010000011100000111
540,001000001110001000
450,010000011100010101
540,001000001110001110
900,010000011100011111
660,010000011101010000
450,010000011101010001
420,001000001110101010
540,010000011101010111
540,001000001110111000
380,010000011101101101
600,001000001110111110
1050,010000011101111111
1500,010000011111000000
1000,010000011111000001
600,001000001111100010
900,010000011111000111
660,010000011110101000
600,010000011111010101
600,001000001111101110
1000,010000011111011111
1500,010000011111100000
1050,010000011111110001
800,010000011111101010
1050,010000011111110111
1680,010000011111111000
1260,010000011111111101
2100,010000011111111110
3300,010000011111111111
2376,010001000000000000
1386,010001000000000001
756,001000100000000010
1134,010001000000000111
630,001000100000001000
525,010001000000010101
630,001000100000001110
1050,010001000000011111
600,001000100000100000
375,010010010000010001
360,001000100000101010
450,010001000001010111
540,001000100000111000
375,010010010000011101
600,001000100000111110
1050,010001000001111111
690,010001001001000000
427,010010010001000001
297,010001000100010010
387,010001001001000111
360,010001000100101000
307,010001001001010101
306,010001000100101110
470,010001001001011111
540,001000100011100000
342,010010010001110001
270,001000100011101010
342,010010010001110111
540,001000100011111000
380,010010010001111101
630,001000100011111110
1134,010001000111111111
1050,010001010100000000
630,010001010100000001
360,001000101010000010
540,010001010100000111
324,001000101010001000
265,010001010100100101
324,001000101010001110
540,010001010100011111
512,010001010101010000
345,010001010101010001
337,001000101010101010
423,010001010101010111
378,001000101010111000
282,010001010101011101
420,001000101010111110
735,010001010101111111
675,010001010111000000
450,010001010111000001
270,001000101011100010
405,010001010111000111
297,010001010110101000
264,010001010111010101
279,010001011011101110
450,010001010111011111
660,010001010111100000
450,010001010111110001
348,010001010111101010
450,010001010111110111
720,010001010111111000
525,010001010111111101
882,010001010111111110
1386,010001010111111111
1890,010001110000000000
1134,010001110000000001
630,001000111000000010
945,010001110000000111
540,001000111000001000
450,010001110000010101
540,001000111000001110
900,010001110000011111
540,001000111000100000
324,001000011100010001
324,001000111000101010
405,010001110001010111
486,001000111000111000
324,001000011100011101
540,001000111000111110
945,010001110001111111
720,010001110101000000
450,010001110101000001
270,001000111010100010
405,010001110101000111
378,001000111010101000
330,010001110101010101
324,001000111010101110
540,010001110101011111
540,001000111011100000
324,001000011101110001
279,010001110111011010
351,010001110110110111
540,001000111011111000
360,001000011101111101
630,001000111011111110
1134,010001110111111111
1680,010001111100000000
1050,010001111100000001
600,001000111110000010
900,010001111100000111
540,001000111110001000
450,010001111100010101
540,001000111110001110
900,010001111100011111
660,010001111010100000
450,010001111101010001
420,001000111110101010
540,010001111101010111
540,001000111110111000
375,010001111101101101
600,001000111110111110
1050,010001111101111111
1575,010001111110000000
1050,010001111111000001
630,001000111111100010
945,010001111111000111
720,010001111110101000
630,010001111111010101
630,001000111111101110
1050,010001111111011111
1680,010001111111100000
1134,010001111111110001
882,010001111111101010
1134,010001111111110111
1890,010001111111111000
1386,010001111111111101
2376,010001111111111110
3861,010001111111111111
3267,010101000000000000
2112,010101000000000001
1302,010101000000000010
1638,010101000000000111
1050,010101000000001000
770,010101000000010101
1050,010101000000001110
1400,010101000000001111
950,010101000000100000
630,010101000000010001
590,010101000000101010
630,010101000000010111
855,010101000000111000
630,010101000000011101
950,010101000000111110
1425,010101000000111111
910,010101000010000000
600,010101000001000001
360,010101000001000010
540,010101000001000111
492,010101000010101000
415,010101000001010101
414,010101000010101110
604,010101000010101111
780,010101000011100000
540,010101000001110001
390,010101000011101010
540,010101000001110111
780,010101000011111000
600,010101000001111101
910,010101000011111110
1456,010101000011111111
1008,010101000100000000
630,010101000100000001
372,010100100010000010
540,010101000100000111
369,010100100010001000
278,010101001000100101
333,010100100010001110
540,010101000100011111
460,010101000101010000
318,010101000101010001
305,010101001010101010
372,010101000101010111
351,010101001010111000
264,010101000101011101
390,010101001010111110
630,010100100101111111
810,010101000111000000
540,010101000111000001
324,010101000111000010
486,010101000111000111
324,010101000110101000
324,010101000111010101
324,010101000111001110
540,010101000111011111
720,010101000111100000
540,010101000111110001
396,010101000111101010
540,010101000111110111
810,010101000111111000
630,010101000111111101
1008,010101000111111110
1512,010101000111111111
1722,010101010000000000
1008,010101010000000001
595,010101010100000010
840,010101010000000111
492,010101010100001000
395,010101010000010101
492,010101010100001110
800,010101010000011111
508,010101010010010000
345,010101010010010001
305,010101010100101010
381,010101010010010111
432,010101010001110000
330,010101010100011101
480,010101010001111100
840,010101010001111111
890,010101010101000000
555,010101010101000001
337,010101010101000100
501,010101010101000111
455,010101010101010100
455,010101010101010101
399,010101010101011100
665,010101010101011111
560,010101010101100000
411,010101010101110001
310,010101010101101010
423,010101010101110111
606,010101010101111000
455,010101010101111101
735,010101010101111110
1134,010101010111111111
1176,010101011100000000
735,010101011100000001
420,010101011100000010
630,010101011100000111
378,010101011100001000
315,010101011100010101
378,010101011100001110
630,010101011100011111
454,010101011101010000
315,010101011011010001
290,010101010110101010
372,010101011101010111
387,010101101110111000
307,010101011011011101
427,010101101110111110
735,010101011101111111
1050,010101011110000000
700,010101011111000001
420,010101011111000010
630,010101011111000111
480,010101011110101000
415,010101011111010101
420,010101011111001110
700,010101011111011111
1100,010101011111100000
735,010101011111110001
575,010101011111101010
735,010101011111110111
1218,010101011111111000
882,010101011111111101
1512,010101011111111110
2442,010101011111111111
2376,010111000000000000
1386,010111000000000001
840,010101110000000010
1134,010111000000000111
675,010101110000001000
525,010101110000000101
675,010101110000001110
1050,010111000000011111
600,001011100000100000
450,010101110000010001
390,010101110000101010
450,010101110000010111
540,001011100000111000
450,010101110000011101
600,001011100000111110
1050,010111000001111111
675,010101110001000000
450,010101110001000001
270,010101110000100010
405,010101110001000111
324,001011100010101000
315,010101110001010101
270,001011100010101110
450,010101110001011111
540,001011100011100000
405,010101110001110001
270,001011100011101010
405,010101110001110111
540,001011100011111000
450,010101110001111101
675,010101110001111110
1134,010111000111111111
924,010110110100000000
560,010110110100000001
330,010101101010000010
480,010110110100000111
297,010101101010001000
244,010110110100100101
297,010101101010001110
480,010110110100011111
468,010110110101010000
319,010110110101010001
310,010101101010101010
383,010110110101010111
351,010101101010111000
265,010110110101011101
390,010101101010111110
630,010110110101111111
675,010101110111000000
450,010101110111000001
279,010110111011100010
405,010101110111000111
333,010110111011101000
278,010110111011010101
324,010110111011101110
486,010110110111011111
640,010110110111100000
450,010101110111110001
337,010110110111101010
450,010101110111110111
705,010110110111111000
525,010101110111111101
868,010110110111111110
1386,010110110111111111
2100,010111110000000000
1260,010111110000000001
770,010101111000000010
1050,010111110000000111
660,010101111000001000
500,010101111100000101
660,010101111000001110
1000,010111110000011111
660,010101111000100000
450,010101111100010001
396,010101111000101010
450,010101111100010111
594,010101111000111000
450,010101111100011101
660,010101111000111110
1050,010111110001111111
800,010111110101000000
508,010101111010100001
348,010101111010100010
450,010101111101000111
480,010101111010101000
395,010101111101010101
414,010101111010101110
600,010111110101011111
660,010101111011100000
450,010101111101110001
337,010101111011011010
450,010101111101110111
660,010101111011111000
500,010101111101111101
770,010101111011111110
1260,010111110111111111
1960,010111111100000000
1225,010111111100000001
800,010101111110000010
1050,010111111100000111
720,010101111110001000
525,010101111111000101
720,010101111110001110
1050,010111111100011111
800,010101111110100000
525,010101111111010001
575,010101111110101010
630,010111111101010111
720,010101111110111000
525,010101111111011101
800,010101111110111110
1225,010111111101111111
1960,010111111110000000
1260,010111111111000001
882,010101111111100010
1134,010111111111000111
882,010101111111101000
770,010101111111010101
882,010101111111101110
1260,010111111111011111
2100,010111111111100000
1386,010101111111110001
1092,010101111111111010
1386,010101111111110111
2376,010111111111111000
1782,010101111111111101
3003,010111111111111110
5005,010111111111111111
6006,011100000000000000
3861,011100000000000001
2376,011100000000000010
2970,011100000000000111
1890,011100000000001000
1386,011100000000000101
1890,011100000000001110
2520,011100000000001111
1680,011100000000100000
1134,011100000000010001
1050,011100000000101010
1134,011100000000010111
1512,011100000000111000
1134,011100000000011101
1680,011100000000111110
2520,011100000000111111
1575,011100000001000000
1050,011100000001000001
630,001110000000100010
945,011100000001000111
855,011100000010101000
735,011100000001010101
720,011100000010101110
1050,011100000001011111
1350,011100000011100000
945,011100000001110001
675,011100000011101010
945,011100000001110111
1350,011100000011111000
1050,011100000001111101
1575,011100000001111110
2520,011100000011111111
1680,011100000100000000
1050,011100000100000001
600,001110000010000010
900,011100000100000111
540,001110000010001000
450,011100000100010101
540,001110000010001110
900,011100000100011111
780,011100000101010000
540,011100000101010001
492,011100001010101010
630,011100000101010111
594,011100001010111000
450,011100000101011101
660,011100000101011110
1050,011100000101111111
1350,011100000111000000
900,011100000111000001
540,001110000011100010
810,011100000111000111
540,001110000011101000
540,011100000111010101
540,001110000011101110
900,011100000111011111
1200,011100000111100000
900,011100000111110001
660,011100000111101010
900,011100000111110111
1350,011100000111111000
1050,011100000111111101
1680,011100000111111110
2520,011100000111111111
1890,011100010000000000
1134,011100010000000001
630,001110001000000010
945,011100010000000111
540,001110001000001000
450,011100010000010101
540,001110001000001110
900,011100010000011111
540,001110001000100000
360,011100010010010001
333,011100010001001010
405,011100010001010111
486,001110001000111000
324,001110000100011101
540,001110001000111110
945,011100010001111111
855,011100010101000000
540,011100010101000001
324,001110001010100010
486,011100010101000111
432,001110001010101000
411,011100010101010101
378,001110001010101110
630,011100010101011111
540,001110001011100000
405,011100010101110001
297,011100010101101010
405,011100010101110111
594,011100010101111000
450,011100010101111101
720,011100010101111110
1134,011100010111111111
1512,011100011100000000
945,011100011100000001
540,001110001110000010
810,011100011100000111
486,001110001110001000
405,011100011100010101
486,001110001110001110
810,011100011100011111
594,011100011101010000
405,011100011101010001
378,001110001110101010
486,011100011101010111
486,001110001110111000
342,011100011101101101
540,001110001110111110
945,011100011101111111
1350,011100011111000000
900,011100011111000001
540,001110001111100010
810,011100011111000111
594,011100011110101000
540,011100011111010101
540,001110001111101110
900,011100011111011111
1350,011100011111100000
945,011100011111110001
720,011100011111101010
945,011100011111110111
1512,011100011111111000
1134,011100011111111101
1890,011100011111111110
2970,011100011111111111
2376,011101000000000000
1386,011101000000000001
882,011101010000000010
1134,011101000000000111
720,011101010000001000
525,011101000000010101
720,011101010000001110
1050,011101000000011111
660,011101010000100000
450,011101010000010001
414,011101010000101010
450,011101000001010111
594,011101010000111000
450,011101010000011101
660,011101010000111110
1050,011101000001111111
705,011101001001000000
450,011101010001000001
306,011101001000100010
405,011101010001000111
351,011101010010101000
315,011101001001010101
297,011101010010101110
480,011101001001011111
540,001110100011100000
405,011101010001110001
270,001110100011101010
405,011101010001110111
540,001110100011111000
450,011101010001111101
675,011101010001111110
1134,011101000111111111
1218,011101010100000000
735,011101010100000001
420,001110101010000010
630,011101010100000111
378,001110101010001000
319,011101010100100101
378,001110101010001110
630,011101010100011111
614,011101010101010000
417,011101010101010001
399,001110101010101010
504,011101010101010111
432,001110101010111000
345,011101010101011101
500,011101010101011110
840,011101010101111111
810,011101010111000000
540,011101010111000001
324,001110101011100010
486,011101010111000111
351,011101010110101000
318,011101010111010101
333,011101011011101110
540,011101010111011111
780,011101010111100000
540,011101010111110001
414,011101010111101010
540,011101010111110111
855,011101010111111000
630,011101010111111101
1050,011101010111111110
1638,011101010111111111
1890,011101110000000000
1134,011101110000000001
630,001110111000000010
945,011101110000000111
540,001110111000001000
450,011101110000010101
540,001110111000001110
900,011101110000011111
540,001110111000100000
324,001110011100010001
324,001110111000101010
405,011101110001010111
486,001110111000111000
324,001110011100011101
540,001110111000111110
945,011101110001111111
720,011101110101000000
450,011101110101000001
279,011101110110100010
405,011101110101000111
387,011101110110101000
345,011101101101010101
333,011101110110101110
540,011101110101011111
540,001110111011100000
360,011101101101110001
324,011101110111011010
396,011101101101110111
540,001110111011111000
395,011101101101111101
645,011101101101111110
1134,011101110111111111
1680,011101111100000000
1050,011101111100000001
600,001110111110000010
900,011101111100000111
540,001110111110001000
450,011101111100010101
540,001110111110001110
900,011101111100011111
660,011101111010100000
450,011101111101010001
420,001110111110101010
540,011101111101010111
540,001110111110111000
375,011101111101101101
600,001110111110111110
1050,011101111101111111
1575,011101111110000000
1050,011101111111000001
630,001110111111100010
945,011101111111000111
720,011101111110101000
630,011101111111010101
630,001110111111101110
1050,011101111111011111
1680,011101111111100000
1134,011101111111110001
882,011101111111101010
1134,011101111111110111
1890,011101111111111000
1386,011101111111111101
2376,011101111111111110
3861,011101111111111111
5148,011110000000000000
3300,011111000000000001
2100,011111000000000010
2520,011110000000000111
1680,011111000000001000
1260,011111000000000101
1680,011111000000001110
2240,011110000000011111
1500,011111000000100000
1050,011111000000010001
950,011111000000101010
1050,011111000000010111
1350,011111000000111000
1050,011111000000011101
1500,011111000000111110
2250,011111000000111111
1500,011111000001000000
1000,011111000001000001
600,001111100000100010
900,011111000001000111
780,011111000010101000
700,011111000001010101
660,011111000010101110
1000,011111000001011111
1200,011110000011100000
900,011111000001110001
600,001111100000111010
900,011111000001110111
1200,011110000011111000
1000,011111000001111101
1500,011111000001111110
2240,011110000011111111
1680,011111000100000000
1050,011111000100000001
600,001111100010000010
900,011111000100000111
540,001111100010001000
450,011111000100010101
540,001111100010001110
900,011111000100011111
780,011111000101010000
540,011111000101010001
480,001111100010101010
630,011111000101010111
540,001111100010111000
450,011111000101011101
660,011111000101011110
1050,011111000101111111
1350,011111000111000000
900,011111000111000001
540,001111100011100010
810,011111000111000111
540,001111100011101000
540,011111000111010101
540,001111100011101110
900,011111000111011111
1200,011110001111100000
900,011111000111110001
660,011111000111101010
900,011111000111110111
1350,011111000111111000
1050,011111000111111101
1680,011111000111111110
2520,011110001111111111
2100,011111010000000000
1288,011110101000000001
800,011111010100000010
1050,011110101000000111
660,011110101000001000
508,011110101000010101
660,011110101000001110
1000,011111010000011111
660,011110101000100000
450,011111010100010001
390,011111010100101010
480,011111010010010111
594,011110101000111000
450,011111010100011101
660,011110101000111110
1050,011111010001111111
1100,011111010101000000
700,011111010101000001
420,001111101010100010
630,011111010101000111
610,011110101010101000
555,011111010101010101
500,011110101010101110
800,011111010101011111
780,011110101011100000
540,011111010101110001
390,011111010101101010
540,011111010101110111
780,011110101011111000
600,011111010101111101
950,011111010101111110
1512,011110101011111111
1680,011111011100000000
1050,011111011100000001
600,001111101110000010
900,011111011100000111
540,001111101110001000
450,011111011100010101
540,001111101110001110
900,011111011100011111
660,011111011101010000
450,011111011101010001
427,011111011101101010
540,011111011101010111
540,001111101110111000
427,011111011101101101
600,001111101110111110
1050,011111011101111111
1500,011111011111000000
1000,011111011111000001
600,001111101111100010
900,011111011111000111
660,011111011110101000
600,011111011111010101
600,001111101111101110
1000,011111011111011111
1500,011111011111100000
1050,011111011111110001
800,011111011111101010
1050,011111011111110111
1680,011111011111111000
1260,011111011111111101
2100,011111011111111110
3300,011111011111111111
4950,011111100000000000
3150,011111100000000001
1960,011111110000000010
2520,011111100000000111
1575,011111100000001000
1225,011111110000000101
1575,011111100000001110
2250,011111100000011111
1500,011111100000100000
1050,011111110000010001
910,011111110000101010
1050,011111110000010111
1350,011111100000111000
1050,011111110000011101
1500,011111100000111110
2250,011111100000111111
1575,011111100010000000
1050,011111110001000001
630,001111111000100010
945,011111110001000111
810,011111100010101000
735,011111110001010101
675,011111100010101110
1050,011111110001011111
1350,011111100011100000
945,011111110001110001
675,011111100011101010
945,011111110001110111
1350,011111100011111000
1050,011111110001111101
1575,011111100011111110
2520,011111100011111111
1960,011111110100000000
1275,011111101010000001
800,011111101010000010
1050,011111101010000111
720,011111101010001000
560,011111110100100101
720,011111101010001110
1050,011111110100011111
1100,011111101010100000
735,011111110101010001
735,011111101010101010
840,011111110101010111
855,011111101010111000
630,011111110101011101
950,011111101010111110
1500,011111101010111111
1575,011111101110000000
1050,011111110111000001
630,001111111011100010
945,011111110111000111
705,011111101101101000
630,011111110111010101
645,011111101101101110
1050,011111110111011111
1500,011111101111100000
1050,011111110111110001
770,011111110111101010
1050,011111110111110111
1575,011111101111111000
1225,011111110111111101
1960,011111110111111110
3150,011111101111111111
4704,011111111000000000
3136,011111111000000001
1960,011111111000000010
2520,011111111000000111
1680,011111111000001000
1260,011111111100000101
1680,011111111000001110
2240,011111111000001111
1680,011111111000100000
1134,011111111100010001
1008,011111111000101010
1134,011111111100010111
1512,011111111000111000
1134,011111111100011101
1680,011111111000111110
2520,011111111000111111
1960,011111111010000000
1288,011111111010100001
882,011111111010100010
1134,011111111101000111
1218,011111111010101000
1008,011111111101010101
1050,011111111010101110
1512,011111111010101111
1680,011111111011100000
1134,011111111101110001
868,011111111011011010
1134,011111111101110111
1680,011111111011111000
1260,011111111101111101
1960,011111111011111110
3136,011111111011111111
4704,011111111100000000
3150,011111111110000001
2100,011111111110000010
2520,011111111100000111
1890,011111111110001000
1386,011111111111000101
1890,011111111110001110
2520,011111111100011111
2100,011111111110100000
1386,011111111101010001
1512,011111111110101010
1638,011111111101010111
1890,011111111110111000
1386,011111111111011101
2100,011111111110111110
3150,011111111110111111
4950,011111111111000000
3300,011111111111000001
2376,011111111111100010
2970,011111111111000111
2376,011111111111101000
2112,011111111111010101
2376,011111111111101110
3300,011111111111011111
5148,011111111111110000
3861,011111111111110001
3003,011111111111111010
3861,011111111111110111
6006,011111111111111000
5005,011111111111111101
8008,011111111111111110
12376,011111111111111111
