8568,000000000000000000
6188,000000000000000001
4368,000000000000000010
4368,000000000000000011
3003,000000000000000100
3003,000000000000000101
3003,000000000000000110
4004,000000000000001111
2860,000000000000010000
2145,000000000000010001
2002,000000000000001010
2145,000000000000010111
2145,000000000000011000
2145,000000000000011101
2860,000000000000011110
3575,000000000000011111
2475,000000000000100000
1980,000000000000100001
1485,000000000000100010
1485,000000000000100011
1485,000000000000101000
1320,000000000001010101
1485,000000000000101110
1980,000000000000101111
1980,000000000000110000
1485,000000000000110001
1485,000000000000111010
1485,000000000000110111
1980,000000000000111100
1980,000000000000111101
2475,000000000000111110
3465,000000000001111111
2520,000000000010000000
1800,000000000010000001
1320,000000000001000010
1440,000000000010000111
1080,000000000010001000
990,000000000001000101
1080,000000000010001110
1440,000000000010001111
1320,000000000001010000
990,000000000001010001
1050,000000000010101010
1050,000000000010101011
1080,000000000010111000
990,000000000001011101
1320,000000000001011110
1800,000000000010111111
1800,000000000011000000
1440,000000000011100001
1080,000000000011100010
1080,000000000011000111
1080,000000000011101000
990,000000000001110101
1080,000000000011101110
1440,000000000011101111
1920,000000000011110000
1440,000000000011110001
1320,000000000001111010
1440,000000000011110111
1800,000000000011111000
1800,000000000011111101
2520,000000000011111110
3360,000000000011111111
2352,000000000100000000
1764,000000000100000001
1260,000000000100000010
1260,000000000100000011
1008,000000000100001000
840,000000000010000101
1008,000000000100001110
1344,000000000100001111
1008,000000000100010000
756,000000000100010001
630,000000000010001010
756,000000000100010111
756,000000000100011000
756,000000000100011101
1008,000000000100011110
1260,000000000100011111
1260,000000000101000000
840,000000000010100001
630,000000000010100010
756,000000000101000111
798,000000000101010100
798,000000000101010101
714,000000000101010110
952,000000001010101111
1008,000000000101110000
756,000000000101110001
630,000000000010111010
756,000000000101110111
1008,000000000101111000
840,000000000010111101
1260,000000000101111110
1764,000000000101111111
1764,000000000110000000
1260,000000000110000001
1008,000000000111000010
1008,000000000110000111
756,000000000110001000
756,000000000111000101
756,000000000110001110
1008,000000000110001111
1008,000000000111010000
756,000000000111010001
672,000000000110101010
756,000000000111010111
756,000000000110111000
756,000000000111011101
1008,000000000111011110
1260,000000000110111111
1680,000000000111100000
1344,000000000111100001
1008,000000000111100010
1008,000000000111100011
1008,000000000111101000
840,000000000011110101
1008,000000000111101110
1344,000000000111101111
1680,000000000111110000
1260,000000000111110001
1260,000000000111111010
1260,000000000111110111
1764,000000000111111100
1764,000000000111111101
2352,000000000111111110
3360,000000001111111111
2520,000000010000000000
1764,000000010000000001
1176,000000001000000010
1323,000000010000000111
945,000000010000001000
840,000000001000000101
945,000000010000001110
1260,000000010000001111
896,000000001000010000
672,000000001000010001
560,000000001000001010
672,000000001000010111
756,000000010000111000
672,000000001000011101
896,000000001000011110
1260,000000010000111111
945,000000010001000000
672,000000001000100001
504,000000001000100010
567,000000010001000111
504,000000001000101000
448,000000001001010101
504,000000001000101110
672,000000001000101111
756,000000010001110000
567,000000010001110001
504,000000001000111010
567,000000010001110111
756,000000010001111000
672,000000001000111101
945,000000010001111110
1323,000000010001111111
1176,000000001010000000
840,000000001010000001
602,000000010101000010
672,000000001010000111
504,000000001010001000
420,000000010101000101
504,000000001010001110
672,000000001010001111
770,000000010101010000
546,000000010101010001
574,000000001010101010
609,000000010101010111
546,000000010101011000
483,000000010101011101
686,000000010101011110
910,000000010101011111
945,000000010111000000
672,000000001011100001
504,000000001011100010
567,000000010111000111
504,000000001011101000
406,000000010110110101
504,000000001011101110
672,000000001011101111
896,000000001011110000
672,000000001011110001
560,000000001011111010
672,000000001011110111
945,000000010111111000
840,000000001011111101
1176,000000001011111110
1764,000000010111111111
1764,000000011000000000
1323,000000011100000001
945,000000011100000010
945,000000011000000111
756,000000011100001000
672,000000001110000101
756,000000011100001110
1008,000000011100001111
756,000000011100010000
567,000000011100010001
504,000000001110001010
567,000000011100010111
567,000000011000111000
567,000000011100011101
756,000000011100011110
945,000000011000111111
945,000000011101000000
672,000000001110100001
504,000000001110100010
567,000000011101000111
504,000000001101010100
504,000000001101010101
504,000000001110101110
672,000000001110101111
756,000000011101110000
567,000000011101110001
504,000000001110111010
567,000000011101110111
756,000000011101111000
672,000000001110111101
945,000000011101111110
1323,000000011101111111
1764,000000011110000000
1260,000000011110000001
896,000000001111000010
1008,000000011110000111
756,000000011110001000
672,000000001111000101
756,000000011110001110
1008,000000011110001111
896,000000001111010000
672,000000001111010001
630,000000011110101010
672,000000001111010111
756,000000011110111000
672,000000001111011101
896,000000001111011110
1260,000000011110111111
1575,000000011111000000
1260,000000011111100001
945,000000011111100010
945,000000011111000111
945,000000011111101000
840,000000001111110101
945,000000011111101110
1260,000000011111101111
1764,000000011111110000
1323,000000011111110001
1176,000000001111111010
1323,000000011111110111
1764,000000011111111000
1764,000000011111111101
2520,000000011111111110
3465,000000011111111111
2475,000000100000000000
1800,000000100000000001
1260,000000100000000010
1260,000000100000000011
945,000000100000001000
840,000000100000000101
945,000000100000001110
1260,000000100000001111
900,000000100000010000
675,000000100000010001
525,000000010000001010
675,000000100000010111
675,000000100000011000
675,000000100000011101
900,000000100000011110
1125,000000100000011111
900,000000100001000000
600,000000100000100001
450,000000100000100010
540,000000100001000111
450,000000100000101000
450,000000100001010101
450,000000100000101110
600,000000100000101111
720,000000100001110000
540,000000100001110001
450,000000100000111010
540,000000100001110111
720,000000100001111000
600,000000100000111101
900,000000100001111110
1260,000000100001111111
945,000000100010000000
675,000000100010000001
450,000000100010000010
540,000000100010000111
405,000000100010001000
325,000000100100100101
405,000000100010001110
540,000000100010001111
450,000000100010100000
315,000000010001010001
360,000000100010101010
360,000000100010101011
405,000000100010111000
315,000000010001011101
450,000000100010111110
675,000000100010111111
675,000000100011000000
540,000000100011100001
405,000000100011100010
405,000000100011000111
405,000000100011101000
315,000000010001110101
405,000000100011101110
540,000000100011101111
720,000000100011110000
540,000000100011110001
450,000000100011111010
540,000000100011110111
675,000000100011111000
675,000000100011111101
945,000000100011111110
1260,000000100011111111
1260,000000101000000000
840,000000101000000001
550,000000101010000010
675,000000101000000111
450,000000101000001000
410,000000101010000101
450,000000101000001110
600,000000101000001111
450,000000101000100000
330,000000101010010001
310,000000101001001010
330,000000101010010111
405,000000101000111000
330,000000101010011101
450,000000101000111110
675,000000101000111111
700,000000101010100000
530,000000101010100001
375,000000101010100010
420,000000101010100111
465,000000101010101000
395,000001010101010101
420,000000101010101110
590,000000101010101111
500,000000101010110000
375,000000101010110001
330,000000101010111010
375,000000101010110111
510,000001010101111000
470,000000101010111101
625,000000101010111110
910,000001010101111111
945,000000101110000000
675,000000101110000001
450,000000101110000010
540,000000101110000111
405,000000101110001000
315,000000010111000101
405,000000101110001110
540,000000101110001111
450,000000101110100000
315,000000010111010001
315,000000101110101010
315,000000010111010111
405,000000101110111000
315,000000010111011101
450,000000101110111110
675,000000101110111111
900,000000101111000000
600,000000101111000001
450,000000101111100010
540,000000101111000111
450,000000101111101000
390,000000101111010101
450,000000101111101110
600,000000101111011111
900,000000101111110000
675,000000101111110001
525,000000010111111010
675,000000101111110111
945,000000101111111000
840,000000101111111101
1260,000000101111111110
1800,000000101111111111
1800,000000110000000000
1260,000000110000000001
945,000000111000000010
945,000000110000000111
675,000000110000001000
675,000000111000000101
675,000000110000001110
900,000000110000001111
720,000000111000010000
540,000000111000010001
450,000000111000001010
540,000000111000010111
540,000000110000111000
540,000000111000011101
720,000000111000011110
900,000000110000111111
675,000000110001000000
540,000000111000100001
405,000000111000100010
405,000000110001000111
405,000000111000101000
360,000000111001010101
405,000000111000101110
540,000000111000101111
540,000000110001110000
405,000000110001110001
405,000000111000111010
405,000000110001110111
540,000000110001111000
540,000000111000111101
675,000000110001111110
945,000000110001111111
945,000000111010000000
675,000000111010000001
450,000000111010000010
540,000000111010000111
405,000000111010001000
315,000000011101000101
405,000000111010001110
540,000000111010001111
510,000000110101010000
360,000000110101010001
405,000000111010101010
405,000000110101010111
405,000000111010111000
315,000000011101011101
450,000000110101011110
675,000000111010111111
675,000000110111000000
540,000000111011100001
405,000000111011100010
405,000000110111000111
405,000000111011101000
315,000000011101110101
405,000000111011101110
540,000000111011101111
720,000000111011110000
540,000000111011110001
450,000000111011111010
540,000000111011110111
675,000000110111111000
675,000000111011111101
945,000000111011111110
1260,000000110111111111
1680,000000111100000000
1260,000000111100000001
900,000000111100000010
900,000000111100000011
720,000000111100001000
600,000000111100000101
720,000000111100001110
960,000000111100001111
720,000000111100010000
540,000000111100010001
450,000000111110001010
540,000000111100010111
540,000000111100011000
540,000000111100011101
720,000000111100011110
900,000000111100011111
900,000000111101000000
600,000000111101000001
450,000000111110100010
540,000000111101000111
510,000000111101010100
510,000000111101010101
450,000000111101010110
600,000000111101011111
720,000000111101110000
540,000000111101110001
450,000000111110111010
540,000000111101110111
720,000000111101111000
600,000000111101111101
900,000000111101111110
1260,000000111101111111
1575,000000111110000000
1125,000000111110000001
900,000000111111000010
900,000000111110000111
675,000000111110001000
675,000000111111000101
675,000000111110001110
900,000000111110001111
900,000000111111010000
675,000000111111010001
600,000000111110101010
675,000000111111010111
675,000000111110111000
675,000000111111011101
900,000000111111011110
1125,000000111110111111
1575,000000111111100000
1260,000000111111100001
945,000000111111100010
945,000000111111100011
945,000000111111101000
840,000000111111110101
945,000000111111101110
1260,000000111111101111
1680,000000111111110000
1260,000000111111110001
1260,000000111111111010
1260,000000111111110111
1800,000000111111111100
1800,000000111111111101
2475,000000111111111110
3575,000001111111111111
2860,000010000000000000
1980,000010000000000001
1320,000010000000000010
1440,000010000000000111
1008,000010000000001000
840,000001000000000101
1008,000010000000001110
1344,000010000000001111
896,000010000000010000
672,000010000000010001
560,000001000000001010
672,000010000000010111
756,000010000000111000
672,000010000000011101
896,000010000000011110
1260,000010000000111111
900,000010000001000000
600,000001000000100001
450,000001000000100010
540,000010000001000111
450,000001000000101000
440,000010000001010101
450,000001000000101110
600,000001000000101111
720,000010000001110000
540,000010000001110001
450,000001000000111010
540,000010000001110111
720,000010000001111000
600,000001000000111101
900,000010000001111110
1260,000010000001111111
896,000010000100000000
600,000001000010000001
400,000001000001000010
480,000001000010000111
360,000001000010001000
300,000001000001000101
360,000001000010001110
480,000001000010001111
448,000010000101010000
312,000010000101010001
340,000001000010101010
360,000010000101010111
360,000001000010111000
300,000001000001011101
400,000001000001011110
600,000001000010111111
720,000010000111000000
480,000001000011100001
360,000001000011100010
432,000010000111000111
360,000001000011101000
300,000001000001110101
360,000001000011101110
480,000001000011101111
640,000001000011110000
480,000001000011110001
400,000001000001111010
480,000001000011110111
720,000010000111111000
600,000001000011111101
896,000010000111111110
1344,000010000111111111
1008,000010001000000000
672,000010001000000001
450,000001000100000010
540,000010001000000111
360,000001000100001000
300,000001000100000101
360,000001000100001110
480,000001000100001111
360,000001000100010000
270,000001000100010001
231,000010001001001010
270,000001000100010111
324,000010001000111000
270,000001000100011101
360,000001000100011110
540,000010001000111111
450,000001000101000000
312,000010001010100001
216,000010001010100010
270,000001000101000111
288,000010001010101000
270,000001000101010101
252,000010001010101110
360,000010001010101111
360,000001000101110000
270,000001000101110001
192,000010001011011010
270,000001000101110111
360,000001000101111000
300,000001000101111101
450,000001000101111110
672,000010001011111111
756,000010001110000000
540,000010001110000001
360,000001000111000010
432,000010001110000111
324,000010001110001000
270,000001000111000101
324,000010001110001110
432,000010001110001111
360,000001000111010000
270,000001000111010001
252,000010001110101010
270,000001000111010111
324,000010001110111000
270,000001000111011101
360,000001000111011110
540,000010001110111111
720,000010001111000000
480,000001000111100001
360,000001000111100010
432,000010001111000111
360,000001000111101000
312,000010001111010101
360,000001000111101110
480,000001000111101111
720,000010001111110000
540,000010001111110001
450,000001000111111010
540,000010001111110111
756,000010001111111000
672,000010001111111101
1008,000010001111111110
1440,000010001111111111
1320,000010100000000000
840,000001010000000001
602,000010101000000010
672,000010100000000111
450,000001010000001000
410,000010101000000101
450,000001010000001110
600,000001010000001111
448,000010101000010000
336,000010101000010001
260,000001010000101010
336,000010101000010111
360,000001010000111000
336,000010101000011101
448,000010101000011110
600,000001010000111111
450,000001010001000000
312,000010101000100001
234,000010101000100010
270,000001010001000111
252,000010100100101000
228,000010101001010101
234,000010101000101110
320,000010100100101111
360,000001010001110000
270,000001010001110001
234,000010101000111010
270,000001010001110111
360,000001010001111000
312,000010101000111101
450,000001010001111110
672,000010100011111111
770,000010101010000000
530,000010101010000001
340,000001010101000010
432,000010101010000111
306,000010101010001000
240,000001010101000101
306,000010101010001110
408,000010101010001111
420,000001010101010000
300,000001010101010001
340,000010101010101010
340,000010101010101011
342,000010101010111000
270,000001010101011101
380,000001010101011110
590,000010101010111111
510,000010101011000000
360,000010101011100001
270,000010101011100010
306,000010101011000111
270,000010101011101000
226,000010101011010101
270,000010101011101110
360,000010101011101111
512,000010101011110000
384,000010101011110001
300,000001010101111010
384,000010101011110111
510,000010101011111000
470,000010101011111101
686,000010101011111110
952,000010101011111111
1008,000010111000000000
672,000010111000000001
450,000001011100000010
540,000010111000000111
360,000001011100001000
300,000001011100000101
360,000001011100001110
480,000001011100001111
360,000001011100010000
270,000001011100010001
216,000010111000101010
270,000001011100010111
324,000010111000111000
270,000001011100011101
360,000001011100011110
540,000010111000111111
450,000001011101000000
300,000001011101000001
204,000010110110100010
