3060,000000000000000000
2380,000000000000000001
1820,000000000000000010
1820,000000000000000011
1365,000000000000000100
1365,000000000000000101
1365,000000000000000110
1456,000000000000001111
1144,000000000000010000
1001,000000000000001001
1001,000000000000001010
1001,000000000000001011
1001,000000000000001100
1001,000000000000001101
1144,000000000000011110
1430,000000000000011111
1100,000000000000100000
880,000000000000100001
715,000000000000010010
715,000000000000010011
715,000000000000010100
715,000000000000010101
715,000000000000010110
880,000000000000101111
880,000000000000110000
715,000000000000011001
715,000000000000011010
715,000000000000011011
880,000000000000111100
880,000000000000111101
1100,000000000000111110
1320,000000000000111111
990,000000000001000000
825,000000000001000001
660,000000000001000010
660,000000000001000011
495,000000000000100100
495,000000000000100101
495,000000000000100110
660,000000000001001111
660,000000000001010000
495,000000000000101001
495,000000000000101010
495,000000000000101011
495,000000000000101100
495,000000000000101101
660,000000000001011110
825,000000000001011111
825,000000000001100000
660,000000000001100001
495,000000000000110010
495,000000000000110011
495,000000000000110100
495,000000000000110101
495,000000000000110110
660,000000000001101111
720,000000000011110000
660,000000000001111001
660,000000000001111010
660,000000000001111011
825,000000000001111100
825,000000000001111101
990,000000000001111110
1260,000000000011111111
1008,000000000100000000
756,000000000100000001
600,000000000010000010
600,000000000010000011
480,000000000010000100
480,000000000010000101
480,000000000010000110
576,000000000100001111
480,000000000010010000
360,000000000010001001
360,000000000010001010
360,000000000010001011
360,000000000010001100
360,000000000010001101
480,000000000010011110
600,000000000010011111
600,000000000010100000
480,000000000010100001
360,000000000010100010
360,000000000010100011
372,000000000101010100
372,000000000101010101
360,000000000010101110
480,000000000010101111
480,000000000010110000
360,000000000010110001
360,000000000010111010
360,000000000010110111
