18564,000000000000000000
9009,000000000000000111
4455,000000000000111000
7425,000000000000111111
3780,000000000111000000
2470,000000001010101011
3780,000000000111111000
7056,000000000111111111
3780,000000111000000000
2025,000000111000000111
1554,000001010101010100
2235,000001010101011111
3375,000000111111000000
2025,000000111111000111
3780,000000111111111000
7425,000000111111111111
4455,000111000000000000
2268,000111000000000111
1215,000111000000111000
2025,000111000000111111
1554,001010101010100000
1092,001010101010101011
1321,001010101011111000
2470,001010101011111111
3780,000111111000000000
2025,000111111000000111
1321,000111110101010100
2025,000111111000111111
3780,000111111111000000
2268,000111111111000111
4455,000111111111111000
9009,000111111111111111
6006,011000000000000000
2970,011000000000000111
1512,011000000000111000
2520,011000000000111111
1350,011000000111000000
901,011100000101010011
1350,011000000111111000
2520,011000000111111111
1686,011010101000000000
901,011001010100000111
742,011001010101010100
1054,011010101010111111
1350,011000111111000000
810,011000111111000111
1512,011000111111111000
2970,011000111111111111
4950,011111000000000000
2520,011111000000000111
1350,011111000000111000
2250,011111000000111111
1505,011111001010100000
1054,011111101010101011
1350,011111000111111000
2520,011111000111111111
4704,011111111000000000
2520,011111111000000111
1686,011111111101010100
2520,011111111000111111
4950,011111111111000000
2970,011111111111000111
6006,011111111111111000
12376,011111111111111111
