43758,000000000000000000
22880,000000000000000011
12012,000000000000001100
18018,000000000000001111
9504,000000000000110000
6534,000000000000101011
9504,000000000000111100
16170,000000000001111111
8820,000000000110000000
5040,000000000011000011
4146,000000000101010100
5446,000000001010101111
7560,000000000011110000
5040,000000000011110011
8820,000000000111111100
15876,000000000111111111
8820,000000011000000000
4900,000000011000000011
2800,000000011000001100
4200,000000011000001111
3591,000000010101010000
2647,000000101010101011
3052,000000101010111100
5265,000000101010111111
7350,000000011110000000
4200,000000011110000011
2870,000000011110101100
4200,000000011110011111
7350,000000011111110000
4900,000000011111110011
8820,000000011111111100
16170,000000011111111111
9504,000011000000000000
5040,000001100000000011
2800,000001100000001100
4200,000001100000001111
2400,000001100000110000
1664,000011000010101011
2400,000001100000111100
4200,000001100001111111
3591,000010101010000000
1982,000001010101000011
1785,000010101010101010
2472,000010101010101111
2640,000010101011110000
1780,000010101011110011
3032,000010101011111100
5446,000010101011111111
7560,000001111000000000
4200,000001111000000011
2400,000001111000001100
3600,000001111000001111
2640,000011110101010000
1970,000001111010101011
2400,000001111001111100
4200,000001111001111111
7350,000011111110000000
4200,000001111111000011
2870,000001111111010100
4200,000001111111001111
7560,000001111111110000
5040,000001111111110011
9504,000011111111111100
18018,000011111111111111
12012,001100000000000000
6336,001100000000000011
3360,001100000000001100
5040,001100000000001111
2800,001100000001100000
1876,001100000001010011
2800,001100000001111100
4900,001100000001111111
2800,001100000110000000
1600,001100000110000011
1266,001100001001010100
1780,001100001010101111
2400,001100000111100000
1600,001100000111110011
2800,001100000111111100
5040,001100000111111111
4146,001010101000000000
2240,001010101000000011
1266,001010100100001100
1970,001010101000011111
1785,010101010101010000
1365,001010101010101011
1531,001010101010111100
2647,001010101010111111
2870,001101011110000000
1640,001101011110000011
1172,001010110111010100
1664,001010101111001111
2870,001010111111100000
1876,001101011111110011
3444,001101011111111100
6534,001010111111111111
9504,001111000000000000
5040,001111000000000011
2800,001111100000001100
4200,001111000000011111
2400,001111000001100000
1640,001111100001010011
2400,001111000001111100
4200,001111000001111111
3052,001111010101000000
1768,001111010101000011
1531,001111010101010100
1982,001111010101011111
2400,001111001111100000
1600,001111100111110011
2800,001111100111111100
5040,001111001111111111
8820,001111111000000000
4900,001111111000000011
2800,001111111000001100
4200,001111111000001111
3032,001111110101010000
2240,001111111010101011
2800,001111111001111100
4900,001111111001111111
8820,001111111110000000
5040,001111111110000011
3444,001111111110101100
5040,001111111110011111
9504,001111111111110000
6336,001111111111110011
12012,001111111111111100
22880,001111111111111111
