48620,000000000000000000
25740,000000000000000011
13728,000000000000001100
20592,000000000000001111
11088,000000000000110000
8151,000000000000010101
11088,000000000000111100
18480,000000000000111111
10080,000000000011000000
6048,000000000011000011
5160,000000000010101010
6804,000000000010101111
9072,000000000011110000
6048,000000000011110011
10080,000000000011111100
17640,000000000011111111
9800,000000001100000000
5600,000000001100000011
3360,000000001100001100
5040,000000001100001111
4312,000000001010101000
3304,000000001010101011
3752,000000001010111100
6370,000000001010111111
8400,000000001111000000
5040,000000001111000011
3528,000000000111101010
5040,000000001111001111
8400,000000001111110000
5600,000000001111110011
9800,000000001111111100
17640,000000001111111111
10080,000000110000000000
5600,000000110000000011
3200,000000110000001100
4800,000000110000001111
2880,000000110000110000
2000,000000110000101011
2880,000000110000111100
4800,000000110000111111
4060,000000101010100000
2436,000000101010100011
2275,000000101010101010
2936,000000101010101111
3180,000000101011110000
2120,000000101011110011
3600,000000101011111100
6370,000000101011111111
8400,000000111100000000
4800,000000111100000011
2880,000000111100001100
4320,000000111100001111
3120,000000111101010000
2315,000000111101010101
2880,000000111100111100
4800,000000111100111111
8000,000000111111000000
4800,000000111111000011
3400,000000111111010100
4800,000000111111001111
8400,000000111111110000
5600,000000111111110011
10080,000000111111111100
18480,000000111111111111
11088,000011000000000000
6048,000011000000000011
3360,000011000000001100
5040,000011000000001111
2880,000011000000110000
2040,000011000000101011
2880,000011000000111100
4800,000011000000111111
2880,000011000011000000
1728,000011000011000011
1408,000011000010101010
1872,000011000010101111
2592,000011000011110000
1728,000011000011110011
2880,000011000011111100
5040,000011000011111111
4312,000101010100000000
2416,000101010100000011
1434,000010101010001100
2130,000010101010001111
2023,000010101010101000
1567,000010101010101011
1718,000010101010111100
2936,000010101010111111
3120,000010101111000000
1872,000010101111000011
1300,000010101101101010
1872,000010101111001111
3180,000010101111110000
2120,000010101111110011
3752,000010101111111100
6804,000010101111111111
9072,000011110000000000
5040,000011110000000011
2880,000011110000001100
4320,000011110000001111
2592,000011110000110000
1800,000011110000101011
2592,000011110000111100
4320,000011110000111111
3180,000011110101000000
1872,000011110101000011
1628,000011110101010100
2130,000011101010101111
2592,000011110011110000
1728,000011110011110011
2880,000011110011111100
5040,000011110011111111
8400,000011111100000000
4800,000011111100000011
2880,000011111100001100
4320,000011111100001111
3180,000011111101010000
2376,000011111101010101
2880,000011111100111100
4800,000011111100111111
8400,000011111111000000
5040,000011111111000011
3612,000011111111010100
5040,000011111111001111
9072,000011111111110000
6048,000011111111110011
11088,000011111111111100
20592,000011111111111111
13728,001100000000000000
7392,001100000000000011
4032,001100000000001100
6048,001100000000001111
3360,001100000000110000
2408,001100000000101011
3360,001100000000111100
5600,001100000000111111
3200,001100000011000000
1920,001100000011000011
1584,001100000010101010
2120,001100000010101111
2880,001100000011110000
1920,001100000011110011
3200,001100000011111100
5600,001100000011111111
3360,001100001100000000
1920,001100001100000011
1152,001100001100001100
1728,001100001100001111
1434,001100010101010000
1092,001100001010101011
1248,001100001010111100
2120,001100001010111111
2880,001100001111000000
1728,001100001111000011
1200,001100001111010100
1728,001100001111001111
2880,001100001111110000
1920,001100001111110011
3360,001100001111111100
6048,001100001111111111
5160,010101010000000000
2828,010101010000000011
1584,010101010000001100
2376,010101010000001111
1408,010101010000110000
988,010101001000101011
1388,010101010000111100
2315,010101010000111111
2275,010101010101000000
1324,010101010101000011
1210,001010101010101010
1567,001010101010101111
1628,001010101011110000
1092,001010101011110011
1854,001010101011111100
3304,001010101011111111
3528,010101111000000000
2000,001010111100000011
1200,001010111100001100
1800,001010111100001111
1300,010101101101010000
988,001010111011010101
1200,001010111100111100
2000,001010111100111111
3400,001010111111000000
2040,001010111111000011
1424,001010111111010100
2040,001010111111001111
3612,001010111111110000
2408,001010111111110011
4368,001010111111111100
8151,010101111111111111
11088,001111000000000000
6048,001111000000000011
3360,001111000000001100
5040,001111000000001111
2880,001111000000110000
2040,001111000000101011
2880,001111000000111100
4800,001111000000111111
2880,001111000011000000
1728,001111000011000011
1388,001111000010101010
1872,001111000010101111
2592,001111000011110000
1728,001111000011110011
2880,001111000011111100
5040,001111000011111111
3752,001111010100000000
2120,001111010100000011
1248,001111010100001100
1872,001111010100001111
1718,001111010101010000
1324,001111010101010101
1422,001110101010111100
2436,001110101010111111
2880,001111001111000000
1728,001111001111000011
1200,001111001111010100
1728,001111001111001111
2880,001111001111110000
1920,001111001111110011
3360,001111001111111100
6048,001111001111111111
10080,001111110000000000
5600,001111110000000011
3200,001111110000001100
4800,001111110000001111
2880,001111110000110000
2000,001111110000101011
2880,001111110000111100
4800,001111110000111111
3600,001111110101000000
2120,001111110101000011
1854,001111110101010100
2416,001111110101010111
2880,001111110011110000
1920,001111110011110011
3200,001111110011111100
5600,001111110011111111
9800,001111111100000000
5600,001111111100000011
3360,001111111100001100
5040,001111111100001111
3752,001111111101010000
2828,001111111101010101
3360,001111111100111100
5600,001111111100111111
10080,001111111111000000
6048,001111111111000011
4368,001111111111010100
6048,001111111111001111
11088,001111111111110000
7392,001111111111110011
13728,001111111111111100
25740,001111111111111111
