12870,0000000000000000
6864,0000000000000011
3696,0000000000001100
5544,0000000000001111
3024,0000000000110000
2184,0000000000101011
3024,0000000000111100
5040,0000000000111111
2800,0000000011000000
1680,0000000011000011
1414,0000000010101010
1876,0000000010101111
2520,0000000011110000
1680,0000000011110011
2800,0000000011111100
4900,0000000011111111
2800,0000001100000000
1600,0000001100000011
960,0000001100001100
1440,0000001100001111
1208,0000001010101000
927,0000001010101011
1060,0000001010111100
1800,0000001010111111
2400,0000001111000000
1440,0000001111000011
1000,0000001111010100
1440,0000001111001111
2400,0000001111110000
1600,0000001111110011
2800,0000001111111100
5040,0000001111111111
3024,0000110000000000
1680,0000110000000011
960,0000110000001100
1440,0000110000001111
864,0000110000110000
600,0000110000101011
864,0000110000111100
1440,0000110000111111
1208,0001010101000000
708,0000101010100011
657,0000101010101010
856,0000101010101111
936,0000101011110000
624,0000101011110011
1060,0000101011111100
1876,0000101011111111
2520,0000111100000000
1440,0000111100000011
864,0000111100001100
1296,0000111100001111
936,0000111101010000
694,0000111101010101
864,0000111100111100
1440,0000111100111111
2400,0000111111000000
1440,0000111111000011
1020,0000111111010100
1440,0000111111001111
2520,0000111111110000
1680,0000111111110011
3024,0000111111111100
5544,0000111111111111
3696,0011000000000000
2016,0011000000000011
1120,0011000000001100
1680,0011000000001111
960,0011000000110000
680,0011000000101011
960,0011000000111100
1600,0011000000111111
960,0011000011000000
576,0011000011000011
466,0011000010101010
624,0011000010101111
864,0011000011110000
576,0011000011110011
960,0011000011111100
1680,0011000011111111
1414,0101010100000000
792,0101010100000011
466,0101010100001100
694,0101010100001111
657,0101010101010000
495,0101010101010101
542,0010101010111100
927,0010101010111111
1000,0010101111000000
600,0010101111000011
410,0010101110110100
600,0010101111001111
1020,0010101111110000
680,0010101111110011
1204,0010101111111100
2184,0010101111111111
3024,0011110000000000
1680,0011110000000011
960,0011110000001100
1440,0011110000001111
864,0011110000110000
600,0011110000101011
864,0011110000111100
1440,0011110000111111
1060,0011110101000000
624,0011110101000011
542,0011110101010100
708,0011101010101111
864,0011110011110000
576,0011110011110011
960,0011110011111100
1680,0011110011111111
2800,0011111100000000
1600,0011111100000011
960,0011111100001100
1440,0011111100001111
1060,0011111101010000
792,0011111101010101
960,0011111100111100
1600,0011111100111111
2800,0011111111000000
1680,0011111111000011
1204,0011111111010100
1680,0011111111001111
3024,0011111111110000
2016,0011111111110011
3696,0011111111111100
6864,0011111111111111
3432,0100000000000000
1848,0100000000000011
1008,0100000000001100
1512,0100000000001111
840,0100000000110000
672,0110000000010101
840,0100000000111100
1400,0100000000111111
800,0100000011000000
480,0100000011000011
430,0110000010101010
570,0110000001010111
720,0100000011110000
480,0100000011110011
800,0100000011111100
1400,0100000011111111
840,0100001100000000
480,0100001100000011
288,0100001100001100
432,0100001100001111
393,0110001010101000
311,0110000101010101
336,0110000101011100
570,0110001010111111
720,0100001111000000
432,0100001111000011
336,0110000111101010
432,0100001111001111
720,0100001111110000
480,0100001111110011
840,0100001111111100
1512,0100001111111111
1218,0101010000000000
672,0101010000000011
380,0101010000001100
570,0101010000001111
336,0101010000110000
237,0101010010010101
336,0101010000111100
560,0101010000111111
531,0101010101000000
311,0101010101000011
285,0101010101010100
369,0101010101010111
388,0101010101110000
261,0101010101110011
430,0101010101111100
756,0101010101111111
840,0100111100000000
480,0100111100000011
288,0100111100001100
432,0100111100001111
336,0110011101010000
261,0110011101010101
288,0100111100111100
480,0100111100111111
800,0100111111000000
480,0100111111000011
380,0110011111101010
480,0100111111001111
840,0100111111110000
560,0100111111110011
1008,0100111111111100
1848,0100111111111111
2772,0111000000000000
1512,0111000000000011
840,0111000000001100
1260,0111000000001111
720,0111000000110000
570,0111100000010101
720,0111000000111100
1200,0111000000111111
720,0111000011000000
432,0111000011000011
388,0111100010101010
504,0111100001010111
648,0111000011110000
432,0111000011110011
720,0111000011111100
1260,0111000011111111
1008,0111010100000000
570,0111010100000011
336,0111010100001100
504,0111010100001111
471,0111010101010000
369,0111010101010101
393,0111010101011100
655,0111010101011111
720,0111001111000000
432,0111001111000011
336,0111100111101010
432,0111001111001111
720,0111001111110000
480,0111001111110011
840,0111001111111100
1512,0111001111111111
2520,0111110000000000
1400,0111110000000011
800,0111110000001100
1200,0111110000001111
720,0111110000110000
560,0111111000010101
720,0111110000111100
1200,0111110000111111
950,0111110101000000
570,0111111010100011
531,0111111010101010
655,0111110101010111
720,0111110011110000
480,0111110011110011
800,0111110011111100
1400,0111110011111111
2450,0111111100000000
1400,0111111100000011
840,0111111100001100
1260,0111111100001111
1008,0111111110101000
756,0111111101010101
840,0111111100111100
1400,0111111100111111
2520,0111111111000000
1512,0111111111000011
1218,0111111111101010
1512,0111111111001111
2772,0111111111110000
1848,0111111111110011
3432,0111111111111100
6435,0111111111111111
