3432,00000000000000
1848,00000000000011
1008,00000000001100
1512,00000000001111
840,00000000110000
602,00000000101011
840,00000000111100
1400,00000000111111
800,00000011000000
480,00000011000011
396,00000010101010
530,00000010101111
720,00000011110000
480,00000011110011
800,00000011111100
1400,00000011111111
840,00001100000000
480,00001100000011
288,00001100001100
432,00001100001111
351,00001010101000
270,00001010101011
312,00001010111100
530,00001010111111
720,00001111000000
432,00001111000011
300,00001111010100
432,00001111001111
720,00001111110000
480,00001111110011
840,00001111111100
1512,00001111111111
1008,00110000000000
560,00110000000011
320,00110000001100
480,00110000001111
288,00110000110000
200,00110000101011
288,00110000111100
480,00110000111111
396,01010101000000
231,01010101000011
204,00101010101010
270,00101010101111
300,00101011110000
200,00101011110011
340,00101011111100
602,00101011111111
840,00111100000000
480,00111100000011
288,00111100001100
432,00111100001111
312,00111101010000
231,00111101010101
288,00111100111100
480,00111100111111
800,00111111000000
480,00111111000011
340,00111111010100
480,00111111001111
840,00111111110000
560,00111111110011
1008,00111111111100
1848,00111111111111
